Acanthastrea echinata 48089	SHELL	0.0002	0.001	0.0032	0.0054	0.0068	0.01	0.0084	0.012	0.0114	0.012	0.0128	0.0198	0.0164	0.0238	0.0224	0.0264	0.035	0.045	0.0634	0.0854	0.0974	0.0898	0.0876	0.0962	0.0748	0.0598	0.0378	0.0284	0.0072	0	0	0	0	0	0	0	0	0	0	0	0	0	0	0	0	0	0	0	0	0	0
Acanthastrea echinata 89920	SHELL	0.0004	0.002	0.0028	0.005	0.008	0.0086	0.0168	0.0148	0.0208	0.022	0.0182	0.0172	0.0216	0.0248	0.0218	0.027	0.0344	0.033	0.0422	0.05	0.0598	0.1018	0.1192	0.0806	0.0496	0.057	0.0702	0.0658	0.0046	0	0	0	0	0	0	0	0	0	0	0	0	0	0	0	0	0	0	0	0	0	0
Acropora palmata 1146600	SHELL	0.001	0.0018	0.0054	0.023	0.024	0.0182	0.0206	0.0188	0.0212	0.0272	0.0266	0.0232	0.0232	0.0328	0.0274	0.0314	0.0386	0.0382	0.0342	0.0408	0.0362	0.042	0.0418	0.0398	0.0412	0.041	0.0378	0.0354	0.0346	0.0424	0.0516	0.0422	0.0262	0.01	0.0002	0	0	0	0	0	0	0	0	0	0	0	0	0	0	0	0
Acropora palmata 15503	SHELL	0.002	0.0038	0.0102	0.0118	0.0202	0.028	0.033	0.0146	0.0172	0.019	0.0218	0.0158	0.0224	0.0226	0.0314	0.027	0.0314	0.0392	0.042	0.0398	0.0402	0.046	0.043	0.042	0.0462	0.0474	0.0578	0.0512	0.051	0.0466	0.0386	0.0294	0.007	0.0004	0	0	0	0	0	0	0	0	0	0	0	0	0	0	0	0	0
Acropora tenuis 1131458	SHELL	0.002	0.0094	0.0096	0.0122	0.0106	0.0136	0.017	0.0218	0.0216	0.0158	0.0214	0.0158	0.0252	0.0218	0.029	0.0382	0.0396	0.045	0.039	0.0298	0.0408	0.0528	0.053	0.0552	0.0644	0.0596	0.0572	0.0596	0.049	0.0356	0.0238	0.0086	0.002	0	0	0	0	0	0	0	0	0	0	0	0	0	0	0	0	0	0
Acropora tenuis 82224	SHELL	0.001	0.0034	0.004	0.0062	0.005	0.0088	0.0108	0.0132	0.0132	0.0162	0.0192	0.0234	0.0258	0.029	0.0344	0.0408	0.0498	0.0474	0.0434	0.048	0.0488	0.0512	0.0656	0.0722	0.0796	0.0844	0.0886	0.0572	0.0094	0	0	0	0	0	0	0	0	0	0	0	0	0	0	0	0	0	0	0	0	0	0
Acropora_cervicornis	SHELL	0.0026	0.0056	0.0086	0.013	0.0078	0.0084	0.0148	0.0258	0.0318	0.0424	0.0424	0.0388	0.0316	0.027	0.0236	0.0316	0.0352	0.033	0.0388	0.041	0.0412	0.0354	0.0458	0.0414	0.047	0.038	0.0278	0.0244	0.0244	0.0204	0.0206	0.0188	0.0238	0.0194	0.0182	0.0172	0.0146	0.0144	0.0032	0.0002	0	0	0	0	0	0	0	0	0	0	0
Agaricia humilis 92528	SHELL	0.0002	0.0018	0.0022	0.004	0.0084	0.006	0.0102	0.0162	0.021	0.021	0.0216	0.0308	0.0278	0.0336	0.0314	0.0376	0.0356	0.039	0.0428	0.0494	0.0638	0.0642	0.069	0.066	0.062	0.0608	0.0554	0.0486	0.0368	0.0172	0.0108	0.003	0.0018	0	0	0	0	0	0	0	0	0	0	0	0	0	0	0	0	0	0
Agaricia humilis 92532	SHELL	0.0012	0.003	0.0046	0.0042	0.0086	0.0086	0.0096	0.0114	0.0138	0.0154	0.0162	0.0152	0.0158	0.0192	0.018	0.0372	0.0418	0.0532	0.0794	0.0792	0.0772	0.0858	0.0888	0.0822	0.0504	0.0448	0.0332	0.025	0.0168	0.0176	0.0106	0.0074	0.0046	0	0	0	0	0	0	0	0	0	0	0	0	0	0	0	0	0	0
Agaricid_HJ305	SHELL	0.0008	0.0028	0.0026	0.0076	0.0116	0.0162	0.0128	0.0218	0.0196	0.027	0.0232	0.0258	0.0294	0.0338	0.0314	0.0404	0.039	0.0476	0.0422	0.0434	0.0512	0.0534	0.0528	0.049	0.0436	0.0398	0.039	0.0392	0.034	0.0312	0.0266	0.0298	0.0204	0.01	0.001	0	0	0	0	0	0	0	0	0	0	0	0	0	0	0	0
Alveopora sp 82769	SHELL	0.0014	0.0022	0.0056	0.0066	0.0088	0.0118	0.0146	0.0204	0.0284	0.0306	0.0226	0.0262	0.024	0.031	0.0252	0.0358	0.031	0.0354	0.0396	0.0402	0.0406	0.0492	0.0452	0.05	0.0592	0.0624	0.0886	0.0948	0.0436	0.024	0.001	0	0	0	0	0	0	0	0	0	0	0	0	0	0	0	0	0	0	0	0
Alveopora sp 90628	SHELL	0.0018	0.0032	0.007	0.0102	0.0158	0.0224	0.0256	0.0266	0.0362	0.0396	0.033	0.0246	0.017	0.0156	0.0172	0.0208	0.022	0.0246	0.0268	0.0352	0.0352	0.0394	0.0468	0.052	0.0506	0.0688	0.0544	0.06	0.0512	0.0518	0.042	0.0202	0.0022	0	0	0	0	0	0	0	0	0	0	0	0	0	0	0	0	0	0
Anacropora forbesi 44780	SHELL	0.004	0.024	0.0358	0.0242	0.0256	0.0226	0.0224	0.02	0.0224	0.0248	0.0322	0.0394	0.0446	0.0416	0.0324	0.0358	0.0314	0.0274	0.0232	0.024	0.0174	0.0236	0.0202	0.0192	0.016	0.0166	0.0172	0.0176	0.014	0.0182	0.0142	0.0192	0.0186	0.0232	0.0212	0.0368	0.0378	0.0332	0.0264	0.031	0	0	0	0	0.0006	0	0	0	0	0	0
Anacropora matthai 93401-1	SHELL	0.007	0.0116	0.0196	0.0164	0.0174	0.009	0.008	0.0098	0.018	0.0234	0.0226	0.0376	0.0394	0.0342	0.0214	0.0148	0.029	0.0378	0.023	0.0192	0.0144	0.0218	0.0718	0.1078	0.0712	0.0506	0.0588	0.0406	0.0302	0.036	0.0396	0.027	0.0086	0.002	0	0	0	0	0	0	0	0	0	0	0	0	0	0	0	0	0
Anacropora matthai 93401-2	SHELL	0.0014	0.004	0.0056	0.0098	0.016	0.0232	0.0348	0.0354	0.031	0.029	0.0268	0.0312	0.0358	0.0274	0.0242	0.0276	0.0288	0.0402	0.042	0.0666	0.0466	0.0416	0.0402	0.029	0.0302	0.029	0.0234	0.0266	0.0242	0.0282	0.0196	0.0244	0.0052	0.0052	0.0078	0.0062	0.0056	0.0054	0.0048	0.0048	0.0036	0.0044	0.006	0.0056	0.0092	0.008	0.0058	0.0042	0.0034	0.0004	0
Astreopora myriophthalma 89494	SHELL	0.0008	0.0022	0.003	0.0086	0.011	0.0112	0.0154	0.0186	0.0194	0.0184	0.021	0.0202	0.0238	0.0236	0.0266	0.0296	0.03	0.0374	0.0396	0.0478	0.0436	0.0566	0.0716	0.0822	0.086	0.1078	0.12	0.0236	0	0	0	0	0	0	0	0	0	0	0	0	0	0	0	0	0	0	0	0	0	0	0
Astreopora myriophthalma 89496	SHELL	0.0024	0.0026	0.0064	0.0084	0.0112	0.0104	0.0144	0.0164	0.0168	0.0154	0.0212	0.0236	0.024	0.0274	0.0298	0.0268	0.0262	0.0336	0.0328	0.0326	0.0412	0.0636	0.0836	0.1142	0.0864	0.1054	0.0952	0.0266	0.0014	0	0	0	0	0	0	0	0	0	0	0	0	0	0	0	0	0	0	0	0	0	0
Barabattoia amoricum 93641	SHELL	0.0002	0.0016	0.0014	0.0034	0.0058	0.0148	0.0166	0.0158	0.0164	0.0158	0.0232	0.02	0.0202	0.018	0.0238	0.0254	0.0242	0.029	0.0358	0.051	0.0566	0.0848	0.116	0.1466	0.1306	0.0714	0.0302	0.0012	0	0	0	0	0	0	0	0	0	0	0	0	0	0	0	0	0	0	0	0	0	0	0
Barabattoia amoricum 93642	SHELL	0.0006	0.0012	0.0028	0.0058	0.0054	0.0084	0.0124	0.013	0.0168	0.0158	0.0184	0.0184	0.0236	0.0222	0.0326	0.0342	0.0372	0.0446	0.067	0.0704	0.0814	0.0826	0.077	0.0668	0.0658	0.061	0.0346	0.0228	0.012	0.0092	0.0086	0.0098	0.0082	0.005	0.0044	0	0	0	0	0	0	0	0	0	0	0	0	0	0	0	0
Blastomussa merleti 83336	SHELL	0.0006	0.005	0.0052	0.0078	0.0144	0.0146	0.0128	0.0144	0.014	0.0152	0.0188	0.0232	0.0286	0.0266	0.035	0.0428	0.0412	0.0474	0.0448	0.0516	0.0544	0.0572	0.063	0.058	0.0594	0.0514	0.0368	0.0378	0.0314	0.0294	0.021	0.02	0.0112	0.005	0	0	0	0	0	0	0	0	0	0	0	0	0	0	0	0	0
Blastomussa wellsi 83338	SHELL	0	0.0016	0.0026	0.0038	0.0038	0.0108	0.0104	0.0108	0.0158	0.0152	0.0164	0.0176	0.0238	0.0206	0.0326	0.0336	0.039	0.0484	0.0538	0.0566	0.0788	0.093	0.1042	0.086	0.0698	0.049	0.0398	0.03	0.022	0.009	0.001	0	0	0	0	0	0	0	0	0	0	0	0	0	0	0	0	0	0	0	0
Caulastrea furcata 92348	SHELL	0.0036	0.012	0.0102	0.0172	0.012	0.0134	0.0096	0.0134	0.0108	0.0162	0.011	0.0128	0.0152	0.0178	0.0178	0.0248	0.027	0.0368	0.0478	0.0596	0.07	0.0742	0.0856	0.0704	0.0688	0.0774	0.1088	0.049	0.0068	0	0	0	0	0	0	0	0	0	0	0	0	0	0	0	0	0	0	0	0	0	0
Caulastrea furcata 92349	SHELL	0.0018	0.0084	0.0124	0.01	0.0098	0.01	0.014	0.0158	0.0202	0.0158	0.017	0.022	0.0214	0.0176	0.02	0.0214	0.0314	0.0368	0.046	0.0506	0.0666	0.0608	0.0616	0.0838	0.0762	0.0886	0.0652	0.0568	0.03	0.008	0	0	0	0	0	0	0	0	0	0	0	0	0	0	0	0	0	0	0	0	0
Cladocora arbuscula 71916	SHELL	0.0008	0.0024	0.0082	0.004	0.0082	0.0108	0.0088	0.0146	0.0196	0.0226	0.0262	0.0332	0.028	0.0288	0.0284	0.0366	0.0376	0.0318	0.0348	0.0538	0.0628	0.0632	0.0644	0.0652	0.0586	0.047	0.0634	0.0482	0.0448	0.0146	0.0106	0.0072	0.0058	0.004	0.0008	0	0	0	0	0	0	0	0	0	0	0	0	0	0	0	0
Cladocora arbuscula 84588	SHELL	0.0002	0.001	0.0034	0.006	0.0046	0.0076	0.009	0.0102	0.016	0.0154	0.0156	0.0184	0.02	0.0238	0.0292	0.035	0.0446	0.0524	0.0592	0.0678	0.0726	0.091	0.0798	0.0856	0.0702	0.0546	0.0402	0.0324	0.022	0.0058	0.0026	0.003	0.0008	0	0	0	0	0	0	0	0	0	0	0	0	0	0	0	0	0	0
Colpophylla natans C6 17m	SHELL	0.0008	0.0022	0.0038	0.0054	0.0068	0.0064	0.0064	0.0078	0.0102	0.0118	0.014	0.019	0.0212	0.0144	0.0182	0.0188	0.0214	0.0408	0.0708	0.102	0.1402	0.1126	0.095	0.078	0.0584	0.0538	0.0452	0.0134	0.0008	0	0	0	0	0	0	0	0	0	0	0	0	0	0	0	0	0	0	0	0	0	0
Coscinaraea columna 1115402	SHELL	0.0016	0.0036	0.0062	0.0074	0.0086	0.0104	0.0104	0.013	0.015	0.0164	0.0212	0.0294	0.0296	0.0342	0.0338	0.034	0.0346	0.032	0.0366	0.0502	0.0614	0.0484	0.0564	0.0724	0.0798	0.0708	0.0748	0.0718	0.0332	0.0028	0	0	0	0	0	0	0	0	0	0	0	0	0	0	0	0	0	0	0	0	0
Coscinaraea columna 79579	SHELL	0.0004	0.003	0.005	0.0034	0.0068	0.0094	0.0108	0.0116	0.0146	0.0176	0.0154	0.0174	0.017	0.02	0.0238	0.0238	0.026	0.03	0.0522	0.0654	0.0828	0.087	0.1324	0.1272	0.0938	0.0768	0.0224	0.0036	0	0	0	0	0	0	0	0	0	0	0	0	0	0	0	0	0	0	0	0	0	0	0
Coscinaraea columna 82553	SHELL	0.0008	0.001	0.0026	0.0032	0.0036	0.0054	0.0084	0.0102	0.0196	0.03	0.0298	0.0292	0.0348	0.0368	0.0392	0.0402	0.045	0.042	0.0466	0.0494	0.0516	0.0604	0.0692	0.0554	0.0488	0.0462	0.0402	0.0328	0.0346	0.0286	0.0254	0.0168	0.0122	0	0	0	0	0	0	0	0	0	0	0	0	0	0	0	0	0	0
Cynarina lacrymalis 72365	SHELL	0.001	0.0032	0.0038	0.0052	0.0076	0.009	0.0076	0.0092	0.0126	0.0132	0.0148	0.017	0.0182	0.0178	0.022	0.018	0.03	0.0474	0.0572	0.0662	0.0848	0.0928	0.116	0.1464	0.11	0.0522	0.0152	0.0016	0	0	0	0	0	0	0	0	0	0	0	0	0	0	0	0	0	0	0	0	0	0	0
Cynarina lacrymalis 83345	SHELL	0.0006	0.0032	0.0038	0.0048	0.0052	0.0088	0.0088	0.0118	0.0154	0.022	0.0324	0.028	0.0226	0.0192	0.029	0.0322	0.0366	0.0404	0.0408	0.0462	0.0524	0.0666	0.0728	0.0982	0.0932	0.0934	0.0678	0.0336	0.0082	0.0018	0	0	0	0	0	0	0	0	0	0	0	0	0	0	0	0	0	0	0	0	0
Cyphastrea chalcidicum 1149588	SHELL	0.0008	0.003	0.0036	0.0048	0.0062	0.0094	0.0076	0.0104	0.009	0.0126	0.0146	0.0182	0.0188	0.018	0.0192	0.0186	0.0228	0.0358	0.0496	0.0874	0.0984	0.1	0.1324	0.165	0.093	0.0392	0.0012	0	0	0	0	0	0	0	0	0	0	0	0	0	0	0	0	0	0	0	0	0	0	0	0
Cyphastrea chalcidium 48174	SHELL	0.0008	0.0024	0.0048	0.0074	0.008	0.0106	0.012	0.0124	0.0154	0.0108	0.0152	0.0218	0.0186	0.0222	0.0248	0.0334	0.0368	0.0392	0.0462	0.0478	0.0678	0.0754	0.1112	0.114	0.0934	0.0614	0.0516	0.0294	0.0052	0	0	0	0	0	0	0	0	0	0	0	0	0	0	0	0	0	0	0	0	0	0
Cyphastrea chalcidium 83258	SHELL	0.0006	0.0016	0.0052	0.0034	0.0074	0.0098	0.013	0.0132	0.0152	0.0162	0.029	0.0228	0.024	0.0256	0.0264	0.0272	0.0354	0.0422	0.0558	0.0546	0.0552	0.0546	0.0704	0.0826	0.1108	0.0884	0.0546	0.0278	0.0202	0.0068	0	0	0	0	0	0	0	0	0	0	0	0	0	0	0	0	0	0	0	0	0
Cyphastrea serialia 38363	SHELL	0	0.0012	0.0038	0.004	0.0058	0.0068	0.0094	0.0112	0.0126	0.0144	0.0178	0.0142	0.0182	0.0238	0.0298	0.0608	0.069	0.0882	0.08	0.0672	0.0638	0.0532	0.0498	0.0372	0.0388	0.0418	0.0308	0.0362	0.0328	0.0306	0.0222	0.0112	0.0108	0.0026	0	0	0	0	0	0	0	0	0	0	0	0	0	0	0	0	0
Cyphastrea suvadivae 83254	SHELL	0.0006	0.0014	0.0038	0.0066	0.0074	0.01	0.0102	0.0138	0.017	0.0156	0.0208	0.0182	0.026	0.023	0.0276	0.0196	0.0298	0.0376	0.0436	0.0428	0.052	0.059	0.0758	0.1436	0.2564	0.0378	0	0	0	0	0	0	0	0	0	0	0	0	0	0	0	0	0	0	0	0	0	0	0	0	0
Dendrogyra cylindrus 1148001	SHELL	0.0024	0.0074	0.014	0.019	0.0364	0.0396	0.0322	0.0294	0.0318	0.025	0.021	0.0202	0.0214	0.0254	0.02	0.02	0.0282	0.028	0.0262	0.0334	0.0276	0.0332	0.0356	0.0286	0.031	0.036	0.0348	0.0358	0.031	0.0292	0.0276	0.0282	0.0308	0.0304	0.0324	0.0434	0.0034	0	0	0	0	0	0	0	0	0	0	0	0	0	0
Dendrogyra cylindrus 36486	SHELL	0.0008	0.005	0.0054	0.007	0.0112	0.0094	0.0116	0.0154	0.0324	0.0556	0.051	0.047	0.037	0.034	0.0334	0.0348	0.0318	0.028	0.0332	0.0322	0.0396	0.034	0.03	0.0308	0.0374	0.0322	0.0308	0.0304	0.0254	0.0282	0.0282	0.0274	0.0222	0.0254	0.022	0.0174	0.0172	0.0052	0	0	0	0	0	0	0	0	0	0	0	0	0
Dichocoenia stokesi 74371	SHELL	0.0004	0.0028	0.0036	0.0044	0.0042	0.0048	0.0076	0.0094	0.0122	0.0132	0.0166	0.0134	0.018	0.018	0.0226	0.02	0.0192	0.0242	0.023	0.0532	0.1316	0.1814	0.2104	0.1358	0.0384	0.0114	0	0	0	0	0	0	0	0	0	0	0	0	0	0	0	0	0	0	0	0	0	0	0	0	0
Dichocoenia stokesi 74382	SHELL	0.0002	0.0018	0.0034	0.0044	0.0042	0.0058	0.0086	0.0098	0.0104	0.0132	0.0116	0.0116	0.0116	0.0168	0.021	0.022	0.0276	0.0466	0.0816	0.0928	0.0978	0.0946	0.1486	0.1382	0.0624	0.0464	0.0068	0	0	0	0	0	0	0	0	0	0	0	0	0	0	0	0	0	0	0	0	0	0	0	0
Dichocoenia stokesi 74392	SHELL	0.0012	0.0036	0.0044	0.0052	0.0056	0.01	0.0118	0.0128	0.0176	0.0118	0.0152	0.018	0.0236	0.0204	0.0246	0.0256	0.0314	0.0366	0.0454	0.0844	0.087	0.0808	0.068	0.0894	0.1	0.0844	0.0638	0.0174	0	0	0	0	0	0	0	0	0	0	0	0	0	0	0	0	0	0	0	0	0	0	0
Dichocoenia_stellaris	SHELL	0.0004	0.0014	0.0066	0.005	0.0066	0.0086	0.0096	0.0084	0.0158	0.0148	0.017	0.0178	0.015	0.021	0.0266	0.0254	0.0218	0.0272	0.0262	0.0324	0.123	0.1294	0.1268	0.1526	0.1246	0.036	0	0	0	0	0	0	0	0	0	0	0	0	0	0	0	0	0	0	0	0	0	0	0	0	0
Dichocoenia_stokesi_SUI_102813	SHELL	0.0002	0.0016	0.0028	0.0058	0.0058	0.0068	0.01	0.0086	0.01	0.0122	0.013	0.0174	0.0148	0.0168	0.0194	0.0186	0.025	0.0316	0.044	0.057	0.1578	0.2064	0.0988	0.0742	0.0742	0.0626	0.0044	0	0	0.0002	0	0	0	0	0	0	0	0	0	0	0	0	0	0	0	0	0	0	0	0	0
Diploastrea heliopora 1183350	SHELL	0.0006	0.002	0.003	0.0026	0.0056	0.0078	0.0092	0.0104	0.0114	0.0106	0.0138	0.0258	0.0388	0.0346	0.0364	0.042	0.0426	0.0636	0.0694	0.062	0.0514	0.0608	0.0578	0.0596	0.0676	0.0672	0.046	0.0346	0.0212	0.0112	0.0098	0.0088	0.0062	0.0054	0.0002	0	0	0	0	0	0	0	0	0	0	0	0	0	0	0	0
Diploastrea heliopora 91106	SHELL	0.0004	0.0022	0.0042	0.0052	0.0068	0.0094	0.011	0.0148	0.0166	0.0184	0.0186	0.018	0.0232	0.0258	0.0286	0.0338	0.0316	0.045	0.0602	0.0598	0.066	0.0774	0.0792	0.0846	0.0586	0.0566	0.0522	0.0474	0.041	0.0034	0	0	0	0	0	0	0	0	0	0	0	0	0	0	0	0	0	0	0	0	0
Diploria clivosa 1144264	SHELL	0.0004	0.0014	0.004	0.006	0.0038	0.007	0.007	0.0096	0.0122	0.012	0.0164	0.016	0.015	0.0184	0.0226	0.0374	0.0488	0.0554	0.0598	0.0728	0.069	0.1008	0.1146	0.0928	0.0756	0.056	0.0414	0.0198	0.004	0	0	0	0	0	0	0	0	0	0	0	0	0	0	0	0	0	0	0	0	0	0
Diploria clivosa 74112	SHELL	0.0006	0.0018	0.0044	0.0066	0.01	0.02	0.02	0.0202	0.025	0.028	0.0292	0.0314	0.0332	0.0352	0.0282	0.0298	0.027	0.0324	0.039	0.0402	0.0412	0.0372	0.046	0.046	0.0466	0.0526	0.0482	0.053	0.0586	0.0534	0.0408	0.0142	0	0	0	0	0	0	0	0	0	0	0	0	0	0	0	0	0	0	0
Diploria clivosa 74118	SHELL	0.0004	0.001	0.0014	0.003	0.002	0.0076	0.005	0.012	0.009	0.0168	0.0162	0.0172	0.0202	0.016	0.022	0.0266	0.0328	0.0438	0.0632	0.1036	0.11	0.0906	0.092	0.1048	0.0948	0.0622	0.0256	0.0002	0	0	0	0	0	0	0	0	0	0	0	0	0	0	0	0	0	0	0	0	0	0	0
Diploria Labyrinthiformis 36755	SHELL	0.0006	0.0018	0.0032	0.0048	0.0054	0.0078	0.0096	0.0104	0.0106	0.013	0.0162	0.015	0.0168	0.018	0.0166	0.0174	0.016	0.02	0.021	0.0276	0.1078	0.2874	0.1876	0.1504	0.015	0	0	0	0	0	0	0	0	0	0	0	0	0	0	0	0	0	0	0	0	0	0	0	0	0	0
Diploria labyrinthiformis 7268	SHELL	0	0.0014	0.0036	0.005	0.0048	0.0072	0.0116	0.0096	0.0112	0.0112	0.0144	0.0152	0.0192	0.0202	0.0258	0.021	0.021	0.0306	0.0332	0.0482	0.1042	0.1512	0.1898	0.1606	0.0714	0.0084	0	0	0	0	0	0	0	0	0	0	0	0	0	0	0	0	0	0	0	0	0	0	0	0	0
Diploria strigosa 1138925	SHELL	0.0002	0.002	0.0032	0.0036	0.0044	0.0038	0.0072	0.0082	0.0138	0.0112	0.0128	0.0138	0.0254	0.0372	0.0328	0.0496	0.0462	0.0474	0.0586	0.0774	0.0938	0.0976	0.067	0.0522	0.056	0.054	0.0318	0.0344	0.0298	0.0186	0.0056	0.0004	0	0	0	0	0	0	0	0	0	0	0	0	0	0	0	0	0	0	0
Diploria strigosa 47708	SHELL	0.0002	0.0032	0.006	0.0058	0.0086	0.011	0.0154	0.0186	0.0164	0.022	0.0242	0.0334	0.0318	0.0442	0.0364	0.042	0.032	0.0366	0.0302	0.0372	0.0412	0.042	0.0534	0.054	0.0544	0.0606	0.0598	0.0576	0.0598	0.0484	0.0134	0	0	0	0	0	0	0	0	0	0	0	0	0	0	0	0	0	0	0	0
Diploria strigosa 74948	SHELL	0.0008	0.0018	0.0028	0.0042	0.007	0.0116	0.0142	0.0156	0.0158	0.0262	0.0254	0.0218	0.0206	0.0264	0.0204	0.0264	0.0266	0.0344	0.0446	0.0552	0.066	0.0802	0.0824	0.0764	0.0802	0.0812	0.077	0.0464	0.0084	0	0	0	0	0	0	0	0	0	0	0	0	0	0	0	0	0	0	0	0	0	0
Diploria_strigosa_2	SHELL	0.0004	0.0022	0.003	0.004	0.007	0.0082	0.0082	0.0086	0.009	0.0112	0.0134	0.0166	0.0144	0.0194	0.0182	0.024	0.0266	0.0272	0.0252	0.098	0.1496	0.1498	0.119	0.0988	0.0858	0.0504	0	0	0	0	0	0	0	0	0	0	0	0	0	0	0	0	0	0	0	0	0	0	0	0	0
Echinophyllia aspera 1134505	SHELL	0.0002	0.0026	0.005	0.0082	0.0086	0.0118	0.0126	0.0132	0.0158	0.012	0.022	0.0222	0.0244	0.0252	0.0236	0.0302	0.0546	0.0562	0.059	0.0584	0.0554	0.0542	0.0536	0.0574	0.0538	0.0718	0.0754	0.0634	0.0356	0.0094	0.003	0.0012	0	0	0	0	0	0	0	0	0	0	0	0	0	0	0	0	0	0	0
Echinophyllia aspera 45072-1	SHELL	0.0002	0.0016	0.0018	0.0038	0.0068	0.0074	0.0094	0.0108	0.011	0.0128	0.0174	0.0154	0.0174	0.0238	0.0304	0.048	0.0638	0.0768	0.0752	0.0714	0.0702	0.0654	0.0562	0.0632	0.0516	0.0432	0.0402	0.0366	0.0204	0.012	0.0122	0.0108	0.0074	0.004	0.001	0	0	0	0	0	0	0	0	0	0	0	0	0	0	0	0
Echinophyllia aspera 45072-2	SHELL	0.0006	0.0014	0.0042	0.0058	0.0074	0.006	0.01	0.0112	0.0148	0.0296	0.027	0.0258	0.0316	0.04	0.0414	0.0514	0.0484	0.0456	0.0484	0.0496	0.0492	0.0496	0.0544	0.048	0.0492	0.0456	0.0396	0.0368	0.0322	0.0246	0.0224	0.0206	0.0106	0.0046	0.0042	0.0028	0.0024	0.002	0.001	0	0	0	0	0	0	0	0	0	0	0	0
Echinophyllia aspera 89517	SHELL	0.0006	0.0026	0.006	0.011	0.0116	0.0144	0.0182	0.0182	0.0214	0.0218	0.0278	0.0288	0.0286	0.0368	0.0308	0.0362	0.0392	0.0344	0.0366	0.042	0.047	0.0482	0.0502	0.0588	0.0456	0.039	0.0488	0.0454	0.041	0.0314	0.0212	0.0204	0.0162	0.0138	0.006	0	0	0	0	0	0	0	0	0	0	0	0	0	0	0	0
Echinophyllia echinoparoides 83483	SHELL	0.0012	0.0014	0.003	0.0074	0.0124	0.0176	0.0172	0.0196	0.0176	0.0218	0.0242	0.0294	0.029	0.0314	0.038	0.0368	0.0446	0.041	0.0436	0.0406	0.0474	0.0522	0.0502	0.048	0.048	0.0428	0.039	0.0386	0.0334	0.0374	0.0348	0.0254	0.0126	0.007	0.0034	0.0012	0.0004	0	0	0	0	0	0	0	0	0	0	0	0	0	0
Echinophyllia sp 1134483	SHELL	0.0006	0.0022	0.006	0.0054	0.0064	0.0092	0.0178	0.0234	0.02	0.0226	0.033	0.0322	0.0354	0.0404	0.037	0.0382	0.0398	0.0452	0.0474	0.0474	0.0432	0.0454	0.0472	0.0384	0.04	0.0418	0.038	0.0356	0.0324	0.0246	0.0214	0.0166	0.0218	0.0148	0.0112	0.0088	0.003	0.0022	0.0034	0.0006	0	0	0	0	0	0	0	0	0	0	0
Echinopora gemmacea 48055	SHELL	0.0014	0.0054	0.0064	0.0098	0.013	0.0136	0.0186	0.0428	0.0432	0.038	0.0282	0.0318	0.0362	0.0374	0.0326	0.0274	0.0344	0.0318	0.0266	0.0268	0.0322	0.024	0.0278	0.0318	0.0328	0.033	0.032	0.0384	0.031	0.032	0.033	0.0298	0.0378	0.0416	0.0202	0.017	0	0	0	0	0	0	0	0	0	0	0	0	0	0	0
Echinopora gemmacea 48063	SHELL	0.0008	0.0044	0.0108	0.0202	0.0182	0.0246	0.0196	0.023	0.0196	0.0218	0.0134	0.021	0.0248	0.0324	0.0354	0.0424	0.0532	0.0436	0.04	0.029	0.0298	0.0366	0.037	0.04	0.0278	0.0318	0.0366	0.046	0.0548	0.0382	0.0328	0.0262	0.023	0.0222	0.0134	0.0052	0.0002	0	0	0	0	0	0	0	0	0	0	0	0	0	0
Echinopora gemmacea 83294	SHELL	0.0004	0.0046	0.0038	0.0076	0.009	0.0224	0.0374	0.0414	0.0434	0.0406	0.0394	0.0274	0.034	0.0314	0.0276	0.032	0.0406	0.039	0.0392	0.0428	0.0262	0.0214	0.022	0.0256	0.023	0.0254	0.0224	0.0256	0.021	0.0182	0.0252	0.018	0.0262	0.0218	0.0182	0.015	0.0168	0.0132	0.0246	0.018	0.0078	0.0002	0	0	0	0	0	0	0	0	0
Echinopora gemmacea 93734	SHELL	0	0.0006	0.0026	0.0058	0.008	0.0082	0.0112	0.0184	0.021	0.025	0.0276	0.0322	0.029	0.035	0.0402	0.04	0.0434	0.041	0.044	0.051	0.0568	0.05	0.0506	0.0536	0.0486	0.0428	0.0392	0.0438	0.0368	0.0252	0.0258	0.0214	0.006	0.0072	0.003	0.0034	0.0016	0	0	0	0	0	0	0	0	0	0	0	0	0	0
Echinopora gemmacea acc 273012	SHELL	0.0002	0.0008	0.0032	0.0068	0.006	0.0114	0.0152	0.0222	0.0236	0.0236	0.0236	0.0306	0.03	0.0334	0.0308	0.035	0.039	0.0412	0.0422	0.0424	0.0484	0.0552	0.054	0.0666	0.069	0.0592	0.0348	0.0366	0.0304	0.0226	0.0218	0.0128	0.007	0.0102	0.0082	0.002	0	0	0	0	0	0	0	0	0	0	0	0	0	0	0
Euphyllia ancora 92356	SHELL	0.0016	0.0024	0.0048	0.0064	0.0086	0.0116	0.012	0.0144	0.0156	0.018	0.0222	0.027	0.0222	0.0274	0.0346	0.0406	0.0392	0.0424	0.0326	0.0342	0.0346	0.0468	0.0758	0.1046	0.1006	0.0906	0.0612	0.0336	0.0164	0.0136	0.0042	0	0	0	0	0	0	0	0	0	0	0	0	0	0	0	0	0	0	0	0
Euphyllia ancora 93824	SHELL	0.0016	0.0018	0.0076	0.0072	0.0098	0.0116	0.0138	0.011	0.0166	0.0154	0.0186	0.0192	0.0206	0.0242	0.0326	0.0336	0.0318	0.038	0.0486	0.0548	0.0658	0.068	0.068	0.0854	0.0636	0.0746	0.0846	0.0454	0.0258	0	0	0	0	0	0	0	0	0	0	0	0	0	0	0	0	0	0	0	0	0	0
Euphyllia ancora 93825	SHELL	0.002	0.006	0.0122	0.021	0.028	0.024	0.016	0.0184	0.0186	0.0196	0.025	0.0292	0.0326	0.0222	0.019	0.0138	0.0182	0.0208	0.0276	0.0342	0.0372	0.0314	0.034	0.0542	0.0886	0.0894	0.061	0.0522	0.0538	0.0464	0.0316	0.011	0.0004	0	0	0	0	0	0	0	0	0	0	0	0	0	0	0	0	0	0
Euphyllia glabrescens 47996	SHELL	0.0006	0.0026	0.0052	0.006	0.0074	0.0102	0.0128	0.0124	0.0092	0.0108	0.0178	0.0242	0.0286	0.0302	0.0296	0.0396	0.049	0.0536	0.0614	0.052	0.061	0.065	0.0632	0.0604	0.0622	0.0528	0.0468	0.0556	0.0394	0.0204	0.0082	0.0016	0	0	0	0	0	0	0	0	0	0	0	0	0	0	0	0	0	0	0
Euphyllia glabrescens 89509	SHELL	0.002	0.0058	0.0084	0.0176	0.0266	0.014	0.0148	0.0168	0.0136	0.0144	0.0168	0.0178	0.024	0.0266	0.026	0.023	0.028	0.032	0.0352	0.032	0.04	0.0452	0.0516	0.0558	0.0918	0.1196	0.1094	0.0874	0.0036	0	0	0	0	0	0	0	0	0	0	0	0	0	0	0	0	0	0	0	0	0	0
Eusmilia fastigiata 36516	SHELL	0.0006	0.0044	0.0068	0.0226	0.0248	0.0148	0.0174	0.0158	0.0186	0.0246	0.0334	0.0348	0.0318	0.039	0.0322	0.0174	0.0222	0.0298	0.0332	0.0292	0.0404	0.0544	0.0554	0.0514	0.0412	0.0406	0.0354	0.0332	0.0306	0.0362	0.028	0.0288	0.0318	0.0286	0.0106	0	0	0	0	0	0	0	0	0	0	0	0	0	0	0	0
Eusmilia fastigiata 85198	SHELL	0.002	0.0088	0.0102	0.0074	0.008	0.0116	0.0128	0.0148	0.0248	0.026	0.0282	0.0324	0.039	0.0344	0.0568	0.0488	0.0382	0.0404	0.0394	0.0348	0.0374	0.0384	0.0274	0.0398	0.0264	0.0236	0.03	0.0356	0.0352	0.0372	0.0374	0.0476	0.047	0.018	0	0	0	0	0	0	0	0	0	0	0	0	0	0	0	0	0
Favia laxa 90605	SHELL	0.0018	0.0056	0.0082	0.0102	0.0154	0.0154	0.0288	0.0282	0.0326	0.0244	0.028	0.0268	0.0268	0.027	0.0304	0.032	0.0334	0.0304	0.0406	0.0354	0.0378	0.041	0.0372	0.04	0.035	0.0318	0.0352	0.0346	0.0334	0.0392	0.0474	0.0556	0.0498	0.0002	0	0	0	0	0	0	0	0	0	0	0	0	0	0	0	0	0
Favia laxa 93652	SHELL	0.0012	0.0022	0.003	0.006	0.0106	0.0142	0.0168	0.0142	0.0142	0.0152	0.019	0.0204	0.023	0.0364	0.0344	0.0444	0.0436	0.0436	0.0474	0.04	0.051	0.0574	0.0412	0.0512	0.0794	0.081	0.0586	0.0722	0.0436	0.0146	0	0	0	0	0	0	0	0	0	0	0	0	0	0	0	0	0	0	0	0	0
Favia leptophylla 83059	SHELL	0.0006	0.0012	0.0018	0.0036	0.0036	0.0064	0.0088	0.0104	0.0124	0.022	0.028	0.0356	0.0382	0.039	0.0522	0.0588	0.048	0.0522	0.052	0.0436	0.0458	0.0472	0.0538	0.0574	0.0502	0.0376	0.0324	0.0246	0.022	0.0192	0.018	0.0202	0.0222	0.017	0.0118	0.0022	0	0	0	0	0	0	0	0	0	0	0	0	0	0	0
Favia pallida 90731-1	SHELL	0	0.0028	0.0046	0.004	0.0074	0.0102	0.0112	0.012	0.014	0.0178	0.0172	0.0204	0.0352	0.0328	0.0274	0.0294	0.0386	0.0338	0.0458	0.0532	0.0518	0.0686	0.0734	0.0756	0.1048	0.0996	0.0856	0.0228	0	0	0	0	0	0	0	0	0	0	0	0	0	0	0	0	0	0	0	0	0	0	0
Favia pallida 90731-2	SHELL	0.0004	0.002	0.003	0.0056	0.0078	0.012	0.0138	0.0164	0.0172	0.0146	0.0258	0.0218	0.0262	0.0304	0.0256	0.0382	0.0556	0.0434	0.0408	0.0514	0.0548	0.053	0.049	0.0548	0.0526	0.0648	0.102	0.1054	0.0114	0	0	0	0	0	0	0	0	0	0	0	0	0	0	0	0	0	0	0	0	0	0
Favia speciosa 90727-1	SHELL	0.0016	0.0028	0.0054	0.008	0.0074	0.0118	0.0108	0.0142	0.0166	0.0172	0.0194	0.0216	0.0232	0.0264	0.03	0.0308	0.0372	0.0444	0.0502	0.0522	0.0618	0.062	0.0686	0.0714	0.0632	0.0544	0.0846	0.0926	0.0096	0	0	0	0	0	0	0	0	0	0	0	0	0	0	0	0	0	0	0	0	0	0
Favia speciosa 90727-2	SHELL	0.0006	0.0008	0.0036	0.0054	0.0078	0.006	0.0118	0.0104	0.013	0.0136	0.0178	0.0202	0.0222	0.0224	0.021	0.0234	0.0362	0.041	0.0466	0.0944	0.1338	0.0888	0.067	0.0506	0.0512	0.0726	0.0678	0.0462	0.0036	0	0	0	0	0	0	0	0	0	0	0	0	0	0	0	0	0	0	0	0	0	0
Favia speciosa 90727-3	SHELL	0.0006	0.0028	0.0036	0.005	0.0054	0.0128	0.0106	0.0126	0.0146	0.0202	0.027	0.0328	0.0386	0.0346	0.0362	0.0352	0.0414	0.0412	0.0446	0.0394	0.0462	0.0556	0.056	0.0464	0.0498	0.0588	0.0684	0.0732	0.0556	0.0308	0	0	0	0	0	0	0	0	0	0	0	0	0	0	0	0	0	0	0	0	0
Favia stelligera 1137027	SHELL	0.0012	0.002	0.0066	0.0072	0.0104	0.015	0.0128	0.0192	0.0222	0.0224	0.0244	0.0278	0.0348	0.0338	0.0308	0.04	0.0406	0.0362	0.0434	0.042	0.0504	0.0448	0.0542	0.0542	0.0552	0.0452	0.0358	0.0376	0.0328	0.0336	0.0266	0.0194	0.0196	0.0176	0	0	0	0	0	0	0	0	0	0	0	0	0	0	0	0	0
Favia stelligera 1137030	SHELL	0.0006	0.002	0.005	0.0044	0.0074	0.0102	0.0148	0.0168	0.017	0.0168	0.0258	0.0268	0.0322	0.0286	0.0306	0.036	0.0432	0.0424	0.0446	0.0364	0.04	0.052	0.0622	0.062	0.0712	0.0796	0.081	0.0596	0.0476	0.003	0	0	0	0	0	0	0	0	0	0	0	0	0	0	0	0	0	0	0	0	0
Favia stelligera 1137661	SHELL	0.0002	0.0014	0.0026	0.003	0.0058	0.005	0.0058	0.0084	0.0092	0.0142	0.0156	0.0194	0.0216	0.02	0.0212	0.03	0.046	0.0536	0.0598	0.0944	0.0922	0.1142	0.1152	0.096	0.0492	0.0208	0.0182	0.0122	0.0134	0.015	0.0116	0.0046	0	0	0	0	0	0	0	0	0	0	0	0	0	0	0	0	0	0	0
Favia_f_pacific_loc3	SHELL	0.0006	0.0018	0.0022	0.0046	0.0046	0.0058	0.0076	0.0068	0.011	0.0114	0.0158	0.022	0.0204	0.024	0.0264	0.0234	0.025	0.039	0.044	0.0632	0.0984	0.1548	0.128	0.1038	0.0908	0.056	0.0084	0	0	0	0	0	0	0	0	0	0	0	0	0	0	0	0	0	0	0	0	0	0	0	0
Favites chinensis 90359	SHELL	0.0004	0.0012	0.0012	0.003	0.0066	0.0106	0.008	0.0076	0.0134	0.014	0.0148	0.0208	0.039	0.0384	0.0372	0.0336	0.0334	0.0328	0.0412	0.065	0.0868	0.102	0.0878	0.0712	0.0502	0.0534	0.034	0.0386	0.0328	0.0198	0.001	0	0	0	0	0	0	0	0	0	0	0	0	0	0	0	0	0	0	0	0
Favites chinensis 91103	SHELL	0.0012	0.003	0.008	0.0094	0.0106	0.0122	0.0162	0.0176	0.018	0.0254	0.0332	0.035	0.0374	0.037	0.0358	0.0346	0.036	0.0396	0.0384	0.0318	0.0374	0.0356	0.0404	0.0402	0.0398	0.0412	0.0418	0.0524	0.0564	0.0672	0.0602	0.007	0	0	0	0	0	0	0	0	0	0	0	0	0	0	0	0	0	0	0
Favites chinensis cf 91321	SHELL	0.0012	0.0018	0.0026	0.0074	0.0086	0.0096	0.0112	0.0178	0.0198	0.0234	0.0224	0.03	0.0284	0.0336	0.0334	0.0432	0.0366	0.0334	0.0456	0.0346	0.0406	0.0488	0.066	0.0554	0.0616	0.0684	0.0736	0.0666	0.0564	0.018	0	0	0	0	0	0	0	0	0	0	0	0	0	0	0	0	0	0	0	0	0
Favites halicora 83068	SHELL	0.0008	0.0026	0.0048	0.0068	0.0084	0.011	0.01	0.0154	0.0216	0.0208	0.0238	0.0216	0.0296	0.0314	0.0338	0.0368	0.0412	0.046	0.048	0.0456	0.0622	0.0686	0.0612	0.0478	0.0436	0.0478	0.0412	0.04	0.042	0.0468	0.0356	0.0032	0	0	0	0	0	0	0	0	0	0	0	0	0	0	0	0	0	0	0
Favites halicora 91279	SHELL	0	0.001	0.0036	0.0048	0.0066	0.0078	0.009	0.0136	0.014	0.0194	0.023	0.0252	0.0324	0.0346	0.0452	0.0396	0.0584	0.0622	0.0524	0.038	0.0452	0.0392	0.0392	0.0528	0.0556	0.0634	0.0624	0.0636	0.0556	0.0258	0.0064	0	0	0	0	0	0	0	0	0	0	0	0	0	0	0	0	0	0	0	0
Favosites halicora 79656	SHELL	0	0.001	0.0016	0.0026	0.0036	0.0046	0.0042	0.0062	0.009	0.012	0.016	0.0136	0.0294	0.0434	0.0398	0.0554	0.0428	0.0416	0.0674	0.0774	0.0762	0.0664	0.0672	0.0782	0.074	0.0594	0.0498	0.0388	0.0144	0.0038	0.0002	0	0	0	0	0	0	0	0	0	0	0	0	0	0	0	0	0	0	0	0
Fungia scutaria 77899-1	SHELL	0.0004	0.0024	0.002	0.007	0.005	0.006	0.0088	0.0084	0.0088	0.013	0.015	0.0124	0.0122	0.016	0.0196	0.028	0.0432	0.0448	0.0518	0.0814	0.1284	0.141	0.1038	0.0858	0.0582	0.0428	0.0358	0.018	0	0	0	0	0	0	0	0	0	0	0	0	0	0	0	0	0	0	0	0	0	0	0
Fungia scutaria 77899-2	SHELL	0	0.001	0.0024	0.0036	0.0044	0.0056	0.0086	0.0082	0.0098	0.011	0.0126	0.0128	0.0148	0.0214	0.034	0.029	0.0444	0.0748	0.1394	0.0978	0.0738	0.0566	0.0568	0.057	0.0428	0.0436	0.0432	0.0416	0.0376	0.0114	0	0	0	0	0	0	0	0	0	0	0	0	0	0	0	0	0	0	0	0	0
Fungia scutaria 77899-3	SHELL	0.0006	0.0022	0.0024	0.0048	0.0048	0.004	0.006	0.0068	0.009	0.0078	0.009	0.0116	0.0162	0.0144	0.0206	0.029	0.0404	0.1016	0.1252	0.1054	0.0876	0.076	0.0644	0.0502	0.048	0.0434	0.0412	0.0448	0.0226	0	0	0	0	0	0	0	0	0	0	0	0	0	0	0	0	0	0	0	0	0	0
Fungia_fungites	SHELL	0.0012	0.0014	0.003	0.0024	0.0058	0.0042	0.0042	0.0078	0.0112	0.016	0.025	0.036	0.0434	0.0408	0.0372	0.042	0.043	0.04	0.0426	0.0452	0.0464	0.0582	0.0668	0.0642	0.065	0.0792	0.088	0.0632	0.0166	0	0	0	0	0	0	0	0	0	0	0	0	0	0	0	0	0	0	0	0	0	0
Galaxea fascicularis 90634	SHELL	0.0002	0.0018	0.003	0.0026	0.004	0.0038	0.0046	0.0062	0.0128	0.016	0.0212	0.0266	0.0318	0.0372	0.0456	0.0502	0.0658	0.062	0.0594	0.0562	0.0506	0.0568	0.0504	0.0594	0.0528	0.0534	0.0388	0.0378	0.0318	0.0212	0.0136	0.0088	0.0076	0.0042	0.0016	0	0	0	0	0	0	0	0	0	0	0	0	0	0	0	0
Galaxea fascicularis 90860-1	SHELL	0.0006	0.001	0.0018	0.004	0.0048	0.005	0.0076	0.013	0.01	0.0148	0.0174	0.0172	0.0166	0.0226	0.0336	0.0366	0.0346	0.0468	0.0636	0.0928	0.0984	0.092	0.0982	0.0628	0.051	0.0476	0.036	0.0386	0.0252	0.0058	0	0	0	0	0	0	0	0	0	0	0	0	0	0	0	0	0	0	0	0	0
Galaxea fascicularis 90860-2	SHELL	0.0002	0.001	0.0018	0.002	0.0018	0.0028	0.005	0.0048	0.0056	0.0036	0.0074	0.0148	0.0206	0.0294	0.0352	0.0484	0.0774	0.0982	0.0806	0.0732	0.072	0.0674	0.072	0.06	0.0612	0.0548	0.0452	0.035	0.0174	0.001	0.0002	0	0	0	0	0	0	0	0	0	0	0	0	0	0	0	0	0	0	0	0
Goniastrea pectinata 1148024	SHELL	0.0008	0.0006	0.0032	0.0062	0.0078	0.0092	0.009	0.008	0.0144	0.0166	0.0148	0.0218	0.0218	0.0198	0.0262	0.0332	0.0336	0.0458	0.0478	0.0502	0.0724	0.1224	0.104	0.098	0.0946	0.056	0.0184	0.017	0.0118	0.0088	0.0058	0	0	0	0	0	0	0	0	0	0	0	0	0	0	0	0	0	0	0	0
Goniastrea pectinata 1148085	SHELL	0.0012	0.0014	0.0022	0.0044	0.008	0.0102	0.0194	0.0176	0.017	0.0206	0.0208	0.022	0.0348	0.04	0.0338	0.0358	0.0338	0.0402	0.0476	0.0572	0.0434	0.0638	0.0746	0.0628	0.0418	0.039	0.0392	0.0396	0.0372	0.0526	0.0308	0.007	0	0	0	0	0	0	0	0	0	0	0	0	0	0	0	0	0	0	0
Goniastrea pectinata 21972	SHELL	0.0008	0.0014	0.0036	0.0066	0.0076	0.0064	0.0134	0.0136	0.0144	0.0182	0.0236	0.0228	0.0326	0.033	0.0292	0.037	0.0444	0.0506	0.053	0.0598	0.0556	0.0582	0.0468	0.036	0.053	0.067	0.0684	0.0902	0.0448	0.0076	0	0	0	0	0	0	0	0	0	0	0	0	0	0	0	0	0	0	0	0	0
Goniopora sp 91102	SHELL	0.0018	0.0036	0.0046	0.0292	0.031	0.0142	0.0142	0.021	0.0196	0.0206	0.0222	0.0236	0.023	0.0282	0.034	0.032	0.04	0.0462	0.0366	0.0356	0.0378	0.0428	0.0422	0.0408	0.0422	0.0352	0.0398	0.039	0.0364	0.0314	0.0288	0.0304	0.0308	0.0244	0.0134	0.0032	0	0	0	0	0	0	0	0	0	0	0	0	0	0	0
Goniopora sp 91142	SHELL	0.0024	0.0046	0.009	0.0116	0.0158	0.014	0.0132	0.014	0.0176	0.0224	0.0288	0.0264	0.025	0.0304	0.0332	0.031	0.0284	0.0334	0.035	0.0354	0.0382	0.0366	0.0492	0.0602	0.0624	0.0672	0.0784	0.0854	0.0904	0	0	0	0	0	0	0	0	0	0	0	0	0	0	0	0	0	0	0	0	0	0
Helioseris_1	SHELL	0	0.0018	0.0026	0.0058	0.0074	0.0108	0.0148	0.0174	0.0224	0.0226	0.0242	0.0272	0.0374	0.0332	0.0364	0.0408	0.0446	0.0396	0.0412	0.0556	0.0468	0.052	0.038	0.0472	0.047	0.0508	0.0526	0.0478	0.0448	0.0334	0.026	0.0182	0.0072	0.0014	0.0008	0	0	0	0	0	0	0	0	0	0	0	0	0	0	0	0
Herpolitha limax 45399	SHELL	0.0008	0.0022	0.0028	0.005	0.006	0.0068	0.008	0.028	0.0334	0.0402	0.0418	0.0488	0.0406	0.0432	0.04	0.0348	0.0398	0.0352	0.035	0.0366	0.0358	0.0358	0.0306	0.0344	0.0366	0.0284	0.0312	0.025	0.0308	0.0278	0.0272	0.0272	0.0268	0.022	0.019	0.021	0.0108	0.0006	0	0	0	0	0	0	0	0	0	0	0	0	0
Herpolitha limax 94709	SHELL	0.0012	0.0018	0.0034	0.0062	0.0068	0.0102	0.0136	0.0162	0.025	0.0414	0.0498	0.0506	0.0534	0.0406	0.0426	0.0404	0.0404	0.0376	0.0332	0.0328	0.0312	0.0346	0.0296	0.0332	0.0304	0.0276	0.0208	0.0264	0.0244	0.0214	0.026	0.0278	0.0258	0.0214	0.0184	0.0138	0.0182	0.012	0.0078	0.002	0	0	0	0	0	0	0	0	0	0	0
Herpolitha limax noid	SHELL	0.0006	0.0022	0.0036	0.0034	0.0036	0.005	0.0146	0.022	0.0268	0.0314	0.0318	0.0372	0.0424	0.0388	0.0402	0.0426	0.0556	0.0458	0.0438	0.0366	0.0412	0.0402	0.0366	0.0332	0.0338	0.0376	0.0316	0.0294	0.0342	0.0302	0.0294	0.0278	0.0236	0.018	0.0098	0.007	0.0076	0.0008	0	0	0	0	0	0	0	0	0	0	0	0	0
Hydnophora exesa 48191	SHELL	0.0006	0.0006	0.002	0.005	0.004	0.0062	0.0048	0.0126	0.0172	0.0276	0.0242	0.0282	0.0302	0.0232	0.0288	0.0362	0.0406	0.044	0.0564	0.0574	0.0702	0.0668	0.074	0.0722	0.06	0.0534	0.0516	0.0444	0.0274	0.0158	0.009	0.0038	0.0016	0	0	0	0	0	0	0	0	0	0	0	0	0	0	0	0	0	0
Hydnophora exesa 90661	SHELL	0.0012	0.0014	0.005	0.0066	0.0068	0.0166	0.0226	0.0182	0.0244	0.0282	0.038	0.041	0.0562	0.0506	0.0534	0.0454	0.0408	0.0414	0.0356	0.0266	0.04	0.0304	0.022	0.0264	0.0292	0.0316	0.0288	0.0256	0.0166	0.0194	0.0202	0.0218	0.0184	0.0142	0.0166	0.0112	0.0146	0.0128	0.0128	0.0102	0.007	0.0072	0.0028	0	0	0	0	0	0	0	0
Hydnophora microconos 45030	SHELL	0.0002	0.0034	0.0044	0.006	0.0062	0.007	0.0114	0.0116	0.0118	0.0164	0.0214	0.0264	0.0226	0.0218	0.0236	0.0304	0.0332	0.0406	0.039	0.0448	0.0636	0.0712	0.0858	0.1202	0.1688	0.0768	0.0312	0	0	0	0	0	0	0	0	0	0	0	0	0	0	0.0002	0	0	0	0	0	0	0	0	0
Hydnophora rigida box50	SHELL	0.001	0.0072	0.0124	0.01	0.0134	0.0126	0.0114	0.0184	0.0172	0.0246	0.0314	0.029	0.0432	0.0494	0.0454	0.0574	0.0524	0.0498	0.037	0.0342	0.029	0.0344	0.0302	0.0342	0.0302	0.0158	0.0172	0.0218	0.022	0.0276	0.0272	0.0332	0.0288	0.0248	0.0162	0.0144	0.0134	0.0116	0.0078	0.0018	0.0008	0	0	0	0.0002	0	0	0	0	0	0
Isophyllia sinuosa Loc No6 Tortugas Vaughan 1908	SHELL	0.0006	0.002	0.0018	0.0022	0.0028	0.0042	0.0056	0.0072	0.0078	0.0084	0.013	0.0162	0.0244	0.0274	0.0336	0.0422	0.048	0.0556	0.0646	0.0802	0.0832	0.0928	0.0856	0.0826	0.0846	0.0688	0.0354	0.0146	0.0046	0	0	0	0	0	0	0	0	0	0	0	0	0	0	0	0	0	0	0	0	0	0
Isophyllia_sinuosa_USNM_36819	SHELL	0.0006	0.0016	0.0032	0.007	0.006	0.0068	0.01	0.0094	0.0112	0.0152	0.0192	0.0136	0.0194	0.0188	0.0246	0.0208	0.027	0.027	0.033	0.0496	0.086	0.1394	0.1728	0.1674	0.0954	0.0096	0.0052	0	0	0	0	0	0	0	0	0	0	0	0	0	0	0	0	0	0	0	0	0	0	0	0
Leotpastrea fluians 48490	SHELL	0.003	0.0086	0.009	0.0188	0.0224	0.0162	0.0164	0.0242	0.0224	0.0272	0.026	0.028	0.0324	0.0304	0.031	0.0324	0.0312	0.029	0.0322	0.0352	0.0316	0.036	0.0358	0.0354	0.0378	0.0412	0.0448	0.0442	0.051	0.0418	0.0348	0.0288	0.025	0.0302	0.005	0	0	0	0	0	0	0	0	0	0	0	0	0	0	0	0
Leptastrea pruinosa 1150570	SHELL	0.0006	0.0022	0.0034	0.0066	0.0066	0.0088	0.009	0.0114	0.0166	0.0156	0.0176	0.0184	0.0176	0.0254	0.0244	0.0242	0.0276	0.0376	0.0578	0.0672	0.0802	0.0822	0.0834	0.0956	0.1254	0.089	0.0412	0.0044	0	0	0	0	0	0	0	0	0	0	0	0	0	0	0	0	0	0	0	0	0	0	0
Leptastrea pruinosa 93756	SHELL	0.001	0.003	0.002	0.0026	0.006	0.0074	0.0084	0.0132	0.0102	0.0114	0.0136	0.0188	0.0188	0.026	0.037	0.0604	0.0622	0.0724	0.0612	0.057	0.0662	0.0668	0.0714	0.0586	0.0568	0.0478	0.04	0.0252	0.021	0.0136	0.0092	0.0118	0.012	0.0062	0.0008	0	0	0	0	0	0	0	0	0	0	0	0	0	0	0	0
Leptoria phrygia 1146677	SHELL	0.0006	0.0018	0.0038	0.0044	0.008	0.0084	0.014	0.0148	0.019	0.0184	0.025	0.0246	0.024	0.0292	0.0326	0.0424	0.039	0.067	0.0812	0.063	0.041	0.039	0.0362	0.0456	0.0464	0.0462	0.047	0.0482	0.047	0.0514	0.0308	0	0	0	0	0	0	0	0	0	0	0	0	0	0	0	0	0	0	0	0
Leptoria phrygia 79225	SHELL	0.0006	0.001	0.0028	0.0032	0.0068	0.0084	0.009	0.0104	0.0122	0.0134	0.0158	0.0154	0.0196	0.0216	0.0232	0.0286	0.0216	0.0298	0.0306	0.0494	0.1096	0.1474	0.1456	0.1332	0.1308	0.0096	0	0	0	0	0	0	0	0	0	0	0	0	0	0	0	0	0	0	0	0	0	0	0	0	0
Leptoseris mycetoseroides 93438	SHELL	0.0004	0.0012	0.0038	0.0064	0.008	0.0132	0.0136	0.017	0.0232	0.0228	0.027	0.027	0.0298	0.0326	0.035	0.0394	0.0442	0.0442	0.0472	0.0468	0.049	0.049	0.0534	0.0508	0.0522	0.046	0.0402	0.0436	0.0414	0.0278	0.0186	0.0164	0.012	0.006	0.0064	0.0032	0.0012	0	0	0	0	0	0	0	0	0	0	0	0	0	0
Lobophyllia corymbosa 89902	SHELL	0.0008	0.0022	0.0084	0.007	0.0086	0.008	0.0102	0.01	0.0102	0.0154	0.0174	0.0208	0.0294	0.0362	0.0388	0.0394	0.0416	0.0446	0.0442	0.0458	0.0636	0.066	0.065	0.045	0.0686	0.0838	0.074	0.0626	0.027	0.0054	0	0	0	0	0	0	0	0	0	0	0	0	0	0	0	0	0	0	0	0	0
Lobophyllia corymbosa 91009	SHELL	0.0012	0.0026	0.0092	0.0152	0.0192	0.0206	0.0156	0.0156	0.0158	0.0172	0.025	0.0238	0.0312	0.0266	0.0246	0.027	0.028	0.0288	0.0332	0.0336	0.0358	0.0416	0.0414	0.0498	0.0584	0.0948	0.1498	0.0918	0.0226	0	0	0	0	0	0	0	0	0	0	0	0	0	0	0	0	0	0	0	0	0	0
Lobophyllia corymbosa acc273012	SHELL	0.0016	0.0104	0.008	0.0086	0.0082	0.0074	0.0086	0.0126	0.0118	0.0142	0.0156	0.0136	0.0192	0.0184	0.0228	0.0226	0.0332	0.0458	0.0474	0.057	0.0702	0.0758	0.0906	0.1078	0.1134	0.0972	0.043	0.015	0	0	0	0	0	0	0	0	0	0	0	0	0	0	0	0	0	0	0	0	0	0	0
Lobophyllia hemprichii 100552	SHELL	0.0008	0.0018	0.0046	0.006	0.0084	0.015	0.0094	0.0114	0.014	0.0144	0.0156	0.0194	0.0208	0.0272	0.0354	0.0384	0.0406	0.0436	0.044	0.045	0.0462	0.0644	0.103	0.1104	0.0834	0.06	0.0512	0.038	0.0242	0.0034	0	0	0	0	0	0	0	0	0	0	0	0	0	0	0	0	0	0	0	0	0
Lobophyllia hemprichii 45060	SHELL	0.0004	0.003	0.0072	0.0074	0.0098	0.0096	0.0124	0.0168	0.0144	0.019	0.0196	0.0226	0.0292	0.0326	0.0282	0.0392	0.054	0.0628	0.0642	0.0548	0.0622	0.0552	0.053	0.0448	0.0426	0.0396	0.0306	0.027	0.0248	0.0264	0.019	0.0186	0.0144	0.0152	0.009	0.0052	0.0048	0.0004	0	0	0	0	0	0	0	0	0	0	0	0	0
Lobophyllia hemprichii 92367	SHELL	0.0026	0.0046	0.007	0.0086	0.011	0.0134	0.015	0.0132	0.0162	0.0166	0.0184	0.021	0.0254	0.0188	0.0224	0.0306	0.0302	0.037	0.0404	0.0356	0.04	0.0594	0.071	0.101	0.1268	0.116	0.0752	0.0226	0	0	0	0	0	0	0	0	0	0	0	0	0	0	0	0	0	0	0	0	0	0	0
Lobophyllia pachysepta 45442	SHELL	0.0006	0.002	0.0052	0.0044	0.0124	0.0154	0.0156	0.0132	0.0172	0.0178	0.0128	0.0164	0.0224	0.0232	0.0254	0.037	0.0354	0.054	0.0576	0.067	0.075	0.0634	0.0762	0.061	0.0506	0.0476	0.0428	0.0356	0.0308	0.0256	0.0236	0.0096	0.0028	0	0	0	0	0	0	0	0	0	0	0	0	0	0	0	0	0	0
Lobophyllia pachysepta 91130	SHELL	0.0004	0.0026	0.0046	0.0066	0.0104	0.0114	0.0106	0.0148	0.015	0.02	0.0226	0.0174	0.019	0.0318	0.0288	0.0286	0.031	0.048	0.048	0.0662	0.0698	0.0762	0.0804	0.0724	0.0548	0.0552	0.0464	0.0296	0.0256	0.0288	0.0122	0.0098	0.001	0	0	0	0	0	0	0	0	0	0	0	0	0	0	0	0	0	0
Madracis mirabilis 088031	SHELL	0.0008	0.0012	0.0044	0.0062	0.0062	0.0092	0.011	0.0186	0.0198	0.0254	0.0216	0.0254	0.0344	0.035	0.0372	0.0362	0.0392	0.0348	0.0396	0.0436	0.056	0.0586	0.0568	0.0632	0.0656	0.0594	0.051	0.0432	0.0322	0.0272	0.0196	0.0104	0.0062	0.0008	0	0	0	0	0	0	0	0	0	0	0	0	0	0	0	0	0
Madracis mirabilis 1113051	SHELL	0.0008	0.0012	0.0036	0.004	0.0052	0.0086	0.0134	0.0188	0.0206	0.0252	0.0288	0.033	0.0434	0.048	0.0482	0.0456	0.0388	0.0364	0.0396	0.0368	0.0388	0.0472	0.0446	0.0408	0.0484	0.0426	0.0438	0.0368	0.029	0.0324	0.0246	0.0306	0.0178	0.0108	0.0066	0.0026	0.0022	0	0	0	0	0	0	0	0	0	0	0	0	0	0
Manicina areolata 40623-1	SHELL	0.0012	0.0024	0.0032	0.0054	0.0042	0.01	0.012	0.0138	0.0106	0.0172	0.017	0.0184	0.0238	0.0306	0.0254	0.0318	0.0312	0.0372	0.036	0.0492	0.0514	0.0874	0.1088	0.1322	0.1198	0.0838	0.0288	0.007	0.0002	0	0	0	0	0	0	0	0	0	0	0	0	0	0	0	0	0	0	0	0	0	0
Manicina areolata 40623-2	SHELL	0.0008	0.0014	0.0032	0.0054	0.0074	0.0076	0.0094	0.0098	0.0118	0.0128	0.0148	0.0176	0.0166	0.0158	0.0174	0.021	0.028	0.0338	0.0586	0.0744	0.0966	0.131	0.1412	0.1162	0.0816	0.0418	0.0184	0.0054	0	0	0	0	0	0	0	0	0	0	0	0	0	0	0	0	0	0	0	0	0	0	0
Manicina areolata 77697	SHELL	0.0018	0.0038	0.0034	0.0044	0.0076	0.0102	0.0112	0.0094	0.011	0.0156	0.0162	0.0188	0.0204	0.0208	0.0234	0.0318	0.0346	0.0296	0.038	0.0546	0.1002	0.1054	0.0964	0.1094	0.0952	0.0744	0.0378	0.0146	0	0	0	0	0	0	0	0	0	0	0	0	0	0	0	0	0	0	0	0	0	0	0
Manicina_1	SHELL	0.0002	0.0016	0.0036	0.0046	0.0062	0.0072	0.0076	0.0134	0.009	0.0138	0.0174	0.0194	0.0186	0.0184	0.0216	0.024	0.028	0.0324	0.0616	0.0894	0.0994	0.1044	0.1064	0.1138	0.0866	0.0464	0.0264	0.0122	0.0062	0	0	0	0	0	0	0	0	0	0	0	0	0	0	0	0	0	0	0	0	0	0
Manicina_2	SHELL	0.0004	0.0022	0.003	0.0052	0.006	0.0096	0.01	0.0084	0.0098	0.0104	0.0108	0.0142	0.0184	0.0212	0.0194	0.0176	0.0256	0.0482	0.079	0.105	0.1136	0.1218	0.089	0.0742	0.0598	0.0484	0.0338	0.024	0.0032	0.006	0.0018	0	0	0	0	0	0	0	0	0	0	0	0	0	0	0	0	0	0	0	0
Meandrina brasiliensis 1150404	SHELL	0.0012	0.0044	0.0046	0.005	0.0038	0.0076	0.0076	0.008	0.0114	0.0124	0.0118	0.0132	0.0128	0.0176	0.0204	0.0276	0.048	0.061	0.0822	0.1064	0.09	0.0988	0.089	0.0678	0.0514	0.0312	0.0292	0.0292	0.0236	0.0192	0.0034	0	0	0	0	0	0	0	0	0	0	0	0	0	0	0	0	0	0	0	0
Meandrina brasiliensis 1150406	SHELL	0.0014	0.002	0.0044	0.005	0.0056	0.005	0.0086	0.0086	0.0094	0.01	0.0122	0.0146	0.018	0.0224	0.0202	0.0364	0.0322	0.0372	0.049	0.0666	0.1136	0.145	0.129	0.1012	0.0616	0.0438	0.0238	0.0126	0.0004	0	0	0	0	0	0	0.0002	0	0	0	0	0	0	0	0	0	0	0	0	0	0	0
Meandrina brasiliensis 48128	SHELL	0.0002	0.0012	0.0022	0.0066	0.0104	0.0128	0.0174	0.017	0.023	0.018	0.0166	0.014	0.0142	0.019	0.0214	0.0238	0.0222	0.022	0.0218	0.038	0.0828	0.1194	0.1382	0.124	0.0988	0.064	0.0366	0.0142	0.0002	0	0	0	0	0	0	0	0	0	0	0	0	0	0	0	0	0	0	0	0	0	0
Meandrina meandrites 1150583	SHELL	0	0.0008	0.0018	0.0046	0.0052	0.003	0.0052	0.0062	0.0082	0.0122	0.011	0.0144	0.0184	0.0176	0.0236	0.0284	0.046	0.0602	0.087	0.094	0.108	0.0954	0.0994	0.087	0.0702	0.0442	0.0284	0.01	0.0092	0.0004	0	0	0	0	0	0	0	0	0	0	0	0	0	0	0	0	0	0	0	0	0
Meandrina meandrites 74979	SHELL	0.0008	0.0022	0.0056	0.0048	0.0062	0.0106	0.0096	0.0108	0.0146	0.0224	0.0268	0.0304	0.0382	0.036	0.0508	0.0486	0.0454	0.0418	0.0444	0.0442	0.044	0.05	0.0398	0.0456	0.0498	0.0488	0.0448	0.0352	0.0402	0.0452	0.0458	0.0166	0	0	0	0	0	0	0	0	0	0	0	0	0	0	0	0	0	0	0
Meandrina meandrites 84905	SHELL	0.001	0.0042	0.0042	0.0044	0.0086	0.0084	0.0088	0.0132	0.0202	0.031	0.022	0.019	0.0212	0.0176	0.0182	0.0222	0.0172	0.021	0.0234	0.0372	0.0574	0.0806	0.144	0.181	0.1576	0.0538	0.0024	0	0	0	0	0	0	0	0	0	0	0	0	0	0	0	0	0	0	0	0	0	0	0	0
Meandrina	SHELL	0.001	0.0028	0.0042	0.0044	0.006	0.0094	0.013	0.0136	0.0208	0.0246	0.0248	0.0184	0.0232	0.0136	0.0112	0.0142	0.0182	0.0176	0.038	0.0558	0.082	0.113	0.1328	0.151	0.0932	0.0458	0.028	0.0132	0.0054	0	0	0	0	0	0	0	0	0	0	0	0	0	0	0	0	0	0	0	0	0	0
Merulina ampliata 90766-1	SHELL	0.0006	0.0016	0.0016	0.0098	0.0102	0.0076	0.0074	0.0078	0.0088	0.0106	0.013	0.0132	0.015	0.0202	0.029	0.0364	0.0496	0.0476	0.0638	0.0672	0.0808	0.0844	0.1038	0.109	0.0796	0.057	0.0336	0.0216	0.0082	0.0008	0	0	0	0.0002	0	0	0	0	0	0	0	0	0	0	0	0	0	0	0	0	0
Merulina ampliata 90766-2	SHELL	0.0002	0.0012	0.003	0.006	0.0088	0.0072	0.0098	0.0126	0.0138	0.0196	0.0214	0.03	0.0294	0.0342	0.034	0.039	0.0424	0.056	0.0538	0.0606	0.0672	0.0706	0.057	0.0496	0.0494	0.0432	0.0456	0.0314	0.029	0.017	0.0188	0.0116	0.0102	0.007	0.0048	0.0044	0	0	0	0	0	0	0	0	0	0	0	0	0	0	0
Merulina ampliata 90766-3	SHELL	0.0002	0.0012	0.0012	0.0044	0.0054	0.0054	0.011	0.0068	0.011	0.0134	0.0186	0.0184	0.0196	0.0182	0.0194	0.0324	0.0454	0.0492	0.0714	0.1008	0.0972	0.1044	0.085	0.0726	0.0582	0.0402	0.0318	0.0184	0.0124	0.0082	0.0094	0.0046	0.0028	0.0012	0	0	0	0	0	0	0	0	0	0	0	0	0	0	0	0	0
Merulina scabricula 90768-1	SHELL	0.0006	0.003	0.0084	0.013	0.0234	0.0192	0.0184	0.0178	0.0226	0.0248	0.0268	0.0344	0.0338	0.0322	0.0336	0.0348	0.0402	0.0408	0.033	0.0286	0.0278	0.0346	0.0362	0.042	0.05	0.057	0.0418	0.0348	0.0342	0.0284	0.024	0.0246	0.0192	0.019	0.017	0.0098	0.0066	0.0034	0	0	0	0	0	0	0	0	0	0	0	0	0
Merulina scabricula 90768-2	SHELL	0.0004	0.0012	0.0038	0.0064	0.0092	0.0136	0.0146	0.0196	0.016	0.0176	0.0178	0.0224	0.03	0.0296	0.0408	0.0458	0.0562	0.0594	0.061	0.055	0.0558	0.0514	0.0454	0.0452	0.0378	0.026	0.0322	0.03	0.0302	0.0326	0.024	0.0216	0.0156	0.0158	0.0124	0.003	0.0004	0	0	0	0	0	0	0	0	0	0	0	0	0	0
Montastraea annularis 1150979	SHELL	0.0012	0.0018	0.005	0.0062	0.0068	0.0086	0.0094	0.014	0.0166	0.021	0.026	0.0236	0.0342	0.0394	0.044	0.0418	0.0398	0.044	0.0416	0.054	0.0548	0.0522	0.0578	0.045	0.0496	0.0504	0.0434	0.035	0.0338	0.0484	0.0502	0	0	0	0	0	0	0	0	0	0	0	0	0	0	0	0	0	0	0	0
Montastraea annularis 36645	SHELL	0.0006	0.002	0.0038	0.0092	0.0066	0.0078	0.009	0.0156	0.0202	0.0216	0.024	0.0262	0.0284	0.0396	0.042	0.032	0.0358	0.0306	0.0326	0.0356	0.0462	0.0504	0.0594	0.0732	0.0728	0.082	0.1048	0.0756	0.0124	0	0	0	0	0	0	0	0	0	0	0	0	0	0	0	0	0	0	0	0	0	0
Montastraea cavernosa 74183	SHELL	0.0008	0.0008	0.002	0.0036	0.0068	0.0082	0.012	0.0124	0.0164	0.0134	0.0166	0.0212	0.016	0.0252	0.025	0.0368	0.0478	0.0488	0.094	0.0808	0.069	0.0864	0.0648	0.0498	0.0524	0.0336	0.0346	0.0362	0.0384	0.0294	0.0166	0	0	0	0	0	0	0	0	0	0	0	0	0	0	0	0	0	0	0	0
Montastraea cavernosa 74190	SHELL	0.0006	0.0012	0.0032	0.0048	0.0082	0.0084	0.0132	0.0182	0.0172	0.0176	0.0202	0.0192	0.022	0.0274	0.0308	0.031	0.0364	0.0542	0.068	0.0776	0.0546	0.0532	0.0538	0.0638	0.0678	0.0602	0.047	0.0424	0.0378	0.0386	0.001	0	0	0	0	0	0	0	0	0	0	0	0	0	0	0	0	0	0	0	0
Montastraea curta 1153616	SHELL	0.0004	0.0016	0.0028	0.0042	0.0032	0.0076	0.0058	0.0088	0.0126	0.0102	0.0124	0.014	0.013	0.02	0.016	0.0224	0.0192	0.0244	0.051	0.1246	0.1464	0.1524	0.1524	0.0896	0.034	0.0204	0.0148	0.0086	0.005	0.0022	0	0	0	0	0	0	0	0	0	0	0	0	0	0	0	0	0	0	0	0	0
Montastraea curta 45700	SHELL	0.0006	0.0026	0.0034	0.005	0.008	0.0088	0.0136	0.0164	0.017	0.0184	0.0182	0.022	0.0226	0.0242	0.0268	0.027	0.0326	0.0602	0.051	0.0546	0.0558	0.0596	0.0646	0.098	0.0856	0.065	0.0624	0.053	0.0226	0	0	0	0	0	0	0	0	0	0	0	0	0	0	0	0	0	0	0	0	0	0
Montastraea curta 89988	SHELL	0.0002	0.0034	0.0036	0.0042	0.008	0.0088	0.0132	0.011	0.0132	0.0194	0.022	0.0258	0.0272	0.0338	0.0332	0.038	0.042	0.046	0.0388	0.0524	0.0776	0.09	0.0654	0.0452	0.04	0.053	0.0416	0.0406	0.046	0.0406	0.0158	0	0	0	0	0	0	0	0	0	0	0	0	0	0	0	0	0	0	0	0
Montastraea valenciennesi 1153624	SHELL	0	0.0018	0.0052	0.006	0.0078	0.0142	0.0146	0.0128	0.0222	0.024	0.0292	0.0248	0.0344	0.0398	0.037	0.041	0.0358	0.0418	0.0514	0.0474	0.0382	0.0474	0.0462	0.0366	0.0408	0.0454	0.0446	0.0508	0.0476	0.0592	0.0456	0.0064	0	0	0	0	0	0	0	0	0	0	0	0	0	0	0	0	0	0	0
Montastraea valenciennesi 90671	SHELL	0.0002	0.0016	0.0042	0.0032	0.0038	0.0048	0.0068	0.0092	0.0182	0.0176	0.0208	0.0178	0.024	0.027	0.025	0.0292	0.0244	0.0334	0.0464	0.058	0.0716	0.1116	0.1166	0.1308	0.1104	0.0536	0.0272	0.0022	0	0	0	0	0	0	0	0	0	0	0	0	0	0	0	0	0	0	0	0	0	0	0
Mussa angulosa 36786	SHELL	0.0012	0.0078	0.018	0.0122	0.0098	0.0096	0.0114	0.01	0.0126	0.0128	0.0154	0.0188	0.024	0.027	0.028	0.0286	0.0372	0.0382	0.0474	0.0498	0.0504	0.0562	0.059	0.0706	0.0852	0.0928	0.0746	0.0592	0.028	0.004	0	0	0	0	0	0	0.0002	0	0	0	0	0	0	0	0	0	0	0	0	0	0
Mussa angulosa 7277	SHELL	0.0032	0.016	0.0292	0.0172	0.0142	0.019	0.0168	0.0176	0.0188	0.0188	0.0184	0.019	0.0214	0.0206	0.022	0.0264	0.0282	0.0314	0.041	0.035	0.0364	0.037	0.047	0.0474	0.0636	0.0626	0.0466	0.0512	0.0412	0.0372	0.042	0.0472	0.0062	0	0	0	0	0	0	0	0	0	0	0	0	0	0	0	0	0	0
Mussa angulosa 7286	SHELL	0.0012	0.0082	0.011	0.0212	0.033	0.0396	0.0184	0.0224	0.0256	0.0202	0.0172	0.0174	0.0236	0.0204	0.0184	0.0286	0.0316	0.0224	0.0328	0.0352	0.0304	0.0396	0.044	0.0366	0.0386	0.0378	0.0376	0.0402	0.0642	0.0644	0.0556	0.036	0.022	0.0046	0	0	0	0	0	0	0	0	0	0	0	0	0	0	0	0	0
Mussa_angulosa_USNM_7297	SHELL	0.0024	0.0042	0.0128	0.0192	0.0156	0.0108	0.013	0.015	0.0156	0.0196	0.022	0.0216	0.0228	0.0208	0.0276	0.0224	0.025	0.0302	0.034	0.0414	0.0548	0.0706	0.0628	0.0596	0.062	0.08	0.083	0.0738	0.0502	0.0072	0	0	0	0	0	0	0	0	0	0	0	0	0	0	0	0	0	0	0	0	0
Mussismilia braziliensis 5379	SHELL	0.0008	0.0014	0.004	0.0062	0.006	0.009	0.0086	0.0138	0.0146	0.0174	0.0194	0.0228	0.022	0.0236	0.0266	0.0276	0.0296	0.0296	0.0396	0.0566	0.0624	0.1044	0.146	0.073	0.0852	0.072	0.0544	0.0232	0	0	0	0	0	0	0	0	0	0	0	0	0	0	0	0	0	0	0	0	0	0	0
Mussismilia hartti 10895	SHELL	0.001	0.003	0.0042	0.0072	0.0062	0.0056	0.0126	0.0146	0.0114	0.0154	0.0194	0.0188	0.0244	0.0266	0.0254	0.0318	0.0308	0.0342	0.0382	0.0496	0.0706	0.0906	0.1034	0.1404	0.087	0.044	0.037	0.0322	0.0136	0.0004	0	0	0	0	0	0	0	0	0	0	0	0	0	0	0	0	0	0	0	0	0
Mussismilia hartti 95414	SHELL	0.0002	0.0026	0.006	0.0072	0.0112	0.0116	0.009	0.0114	0.0098	0.0118	0.0138	0.017	0.0192	0.032	0.0346	0.0398	0.0428	0.0502	0.0528	0.0548	0.054	0.062	0.0704	0.0732	0.0828	0.0894	0.0862	0.0442	0	0	0	0	0	0	0	0	0	0	0	0	0	0	0	0	0	0	0	0	0	0	0
Mussismilia hispida 85176	SHELL	0.0004	0.0012	0.0022	0.003	0.0048	0.0064	0.0068	0.0106	0.0136	0.011	0.0158	0.0168	0.0162	0.0158	0.0198	0.0206	0.0284	0.0628	0.1028	0.1072	0.0924	0.0778	0.0846	0.0794	0.0624	0.067	0.0568	0.01	0.0034	0	0	0	0	0	0	0	0	0	0	0	0	0	0	0	0	0	0	0	0	0	0
Mussismilia hispida 85177	SHELL	0	0.0022	0.0044	0.0044	0.0078	0.0104	0.0132	0.0158	0.016	0.0168	0.0182	0.0164	0.0228	0.026	0.0262	0.0286	0.0376	0.0398	0.0392	0.0498	0.0572	0.0718	0.0854	0.1144	0.1114	0.0924	0.0516	0.0188	0.0014	0	0	0	0	0	0	0	0	0	0	0	0	0	0	0	0	0	0	0	0	0	0
Mussismilia sp 1164621	SHELL	0.0006	0.0008	0.0028	0.0038	0.0058	0.005	0.008	0.0086	0.009	0.0118	0.0158	0.0168	0.0168	0.019	0.0208	0.0218	0.0216	0.027	0.0482	0.0872	0.1306	0.1684	0.1324	0.1122	0.0642	0.0398	0.0012	0	0	0	0	0	0	0	0	0	0	0	0	0	0	0	0	0	0	0	0	0	0	0	0
Mussismilia sp 5351	SHELL	0.0006	0.0016	0.002	0.0046	0.0062	0.0076	0.007	0.0112	0.0148	0.0172	0.0214	0.0234	0.0314	0.0292	0.0262	0.0278	0.0294	0.026	0.032	0.0412	0.0616	0.094	0.1338	0.133	0.1168	0.073	0.027	0	0	0	0	0	0	0	0	0	0	0	0	0	0	0	0	0	0	0	0	0	0	0	0
Mycedium elephantotus 93805-1	SHELL	0.0008	0.002	0.0024	0.0046	0.0046	0.0066	0.0092	0.0096	0.0096	0.0138	0.0134	0.0342	0.0398	0.0378	0.037	0.0438	0.046	0.0626	0.063	0.0574	0.0674	0.0634	0.0568	0.0556	0.0522	0.0456	0.031	0.0232	0.0236	0.0222	0.0214	0.0194	0.0106	0.0072	0.0022	0	0	0	0	0	0	0	0	0	0	0	0	0	0	0	0
Mycedium elephantotus 93805-2	SHELL	0.0012	0.002	0.0044	0.0072	0.0102	0.007	0.0082	0.009	0.011	0.0146	0.0206	0.0226	0.026	0.0372	0.0388	0.0432	0.0466	0.054	0.0524	0.0544	0.06	0.0658	0.0794	0.0626	0.062	0.0486	0.035	0.0272	0.021	0.0166	0.0176	0.013	0.0102	0.0076	0.002	0.0006	0	0	0	0	0	0	0	0	0	0	0	0	0	0	0
Mycedium elephantotus no_id	SHELL	0.0004	0.0028	0.003	0.0054	0.0044	0.0066	0.0086	0.0122	0.0136	0.019	0.019	0.0294	0.0458	0.0434	0.0402	0.0432	0.0472	0.0532	0.0474	0.0494	0.046	0.0448	0.0466	0.0522	0.0636	0.0598	0.0514	0.0428	0.037	0.0186	0.013	0.0112	0.0082	0.0036	0.0058	0.0012	0	0	0	0	0	0	0	0	0	0	0	0	0	0	0
Mycetophyllia aliciae 85182	SHELL	0.0002	0.0012	0.0018	0.0034	0.0038	0.0064	0.0134	0.0158	0.0192	0.0206	0.023	0.0376	0.0352	0.0358	0.0332	0.038	0.0386	0.0388	0.0406	0.051	0.047	0.0534	0.0546	0.0568	0.0692	0.0624	0.0748	0.0618	0.0422	0.0162	0.0034	0	0	0	0	0.0006	0	0	0	0	0	0	0	0	0	0	0	0	0	0	0
Mycetophyllia aliciae 95476	SHELL	0.0004	0.0014	0.0052	0.0064	0.0076	0.0138	0.0142	0.0152	0.0136	0.0148	0.0172	0.0176	0.0248	0.0284	0.0294	0.0324	0.0438	0.0542	0.0632	0.0576	0.0682	0.0664	0.0676	0.0726	0.0506	0.0496	0.0388	0.0366	0.0276	0.0276	0.0186	0.008	0.0052	0.0012	0	0	0	0	0	0	0	0	0	0	0	0	0	0	0	0	0
Mycetophyllia danaana 85166	SHELL	0.0002	0.0014	0.0032	0.0034	0.0038	0.005	0.0086	0.0076	0.0088	0.0082	0.0112	0.0124	0.015	0.0146	0.0188	0.0176	0.0166	0.0218	0.0714	0.136	0.1352	0.1574	0.1552	0.0938	0.051	0.021	0	0	0	0	0	0	0	0	0	0	0	0	0	0	0	0	0	0	0	0	0	0	0	0	0
Mycetophyllia danaana 95480	SHELL	0.0006	0.0026	0.0026	0.0052	0.005	0.0058	0.0078	0.009	0.0122	0.013	0.017	0.0144	0.0154	0.0178	0.0204	0.0196	0.027	0.0536	0.0598	0.0762	0.1006	0.1162	0.1312	0.1192	0.0746	0.059	0.0126	0.0016	0	0	0	0	0	0	0	0	0	0	0	0	0	0	0	0	0	0	0	0	0	0	0
Mycetophyllia lamarckiana 74341	SHELL	0.001	0.0016	0.004	0.007	0.0072	0.0106	0.013	0.0114	0.0166	0.0178	0.0148	0.0138	0.0128	0.0184	0.0174	0.0194	0.0202	0.0248	0.0324	0.0806	0.126	0.134	0.1114	0.1034	0.0754	0.0536	0.043	0.0082	0	0	0	0	0	0	0	0	0	0	0	0	0	0	0	0	0	0	0	0	0	0	0
Mycetophyllia_815	SHELL	0.0008	0.002	0.003	0.0056	0.0052	0.0056	0.007	0.012	0.012	0.015	0.0152	0.0188	0.0162	0.0212	0.0294	0.0472	0.0476	0.0486	0.0602	0.0652	0.0794	0.0826	0.0866	0.0812	0.077	0.0572	0.041	0.0322	0.0186	0.005	0.0014	0	0	0	0	0	0	0	0	0	0	0	0	0	0	0	0	0	0	0	0
Mycetophyllia_818	SHELL	0.0016	0.0008	0.003	0.0026	0.0044	0.006	0.0092	0.01	0.011	0.0132	0.014	0.0194	0.0156	0.0124	0.0184	0.0176	0.0462	0.0764	0.0912	0.0938	0.0972	0.083	0.0842	0.0698	0.0576	0.0486	0.0432	0.0226	0.0202	0.0066	0	0	0	0	0	0	0	0	0	0	0	0	0	0	0	0	0	0	0	0	0
Mycetophyllia_859	SHELL	0.0006	0.0016	0.0032	0.0048	0.0062	0.0074	0.008	0.0106	0.0096	0.0096	0.0118	0.0178	0.0286	0.0356	0.0374	0.0426	0.0586	0.0584	0.0626	0.0714	0.0778	0.0734	0.0586	0.0586	0.0488	0.0456	0.041	0.0332	0.0276	0.022	0.0176	0.0076	0.0018	0	0	0	0	0	0	0	0	0	0	0	0	0	0	0	0	0	0
M_annularis_2	SHELL	0.0006	0.0036	0.0054	0.0092	0.0082	0.0108	0.0126	0.0176	0.027	0.0402	0.0494	0.0474	0.0384	0.03	0.0262	0.028	0.0288	0.0312	0.0302	0.0288	0.0386	0.0398	0.0474	0.0416	0.0494	0.0434	0.042	0.0366	0.0336	0.0322	0.027	0.0308	0.0352	0.0286	0.0002	0	0	0	0	0	0	0	0	0	0	0	0	0	0	0	0
M_annularis_Panama_1987	SHELL	0.0012	0.0012	0.0028	0.0054	0.0078	0.009	0.0132	0.013	0.0166	0.0168	0.0164	0.0158	0.0424	0.0812	0.0796	0.065	0.0408	0.0332	0.041	0.0466	0.0324	0.0288	0.0322	0.0338	0.0312	0.0306	0.0336	0.036	0.0344	0.0362	0.033	0.0386	0.0262	0.0238	0	0	0	0	0	0	0	0	0	0	0	0	0	0	0	0	0
Oculina diffusa 36555	SHELL	0.0004	0.0012	0.0036	0.0096	0.0104	0.0176	0.0246	0.0232	0.0226	0.0272	0.0322	0.0304	0.0328	0.037	0.0384	0.0394	0.0372	0.0314	0.034	0.0334	0.036	0.0342	0.0334	0.0382	0.0418	0.0456	0.053	0.0526	0.0388	0.0388	0.033	0.031	0.0158	0.0122	0.0058	0.0026	0.0002	0	0	0	0	0	0	0	0	0	0	0	0	0	0
Oculina diffusa 45310	SHELL	0.0018	0.0028	0.0062	0.0166	0.0108	0.0074	0.0088	0.0106	0.0124	0.0192	0.0212	0.0274	0.0344	0.0444	0.0462	0.0438	0.042	0.0486	0.0526	0.0424	0.0498	0.0382	0.0404	0.0472	0.0522	0.05	0.039	0.0478	0.034	0.029	0.0162	0.0126	0.0132	0.0186	0.0098	0.0024	0	0	0	0	0	0	0	0	0	0	0	0	0	0	0
Oculina_diffusa_1127	SHELL	0.0028	0.0068	0.0142	0.0128	0.017	0.014	0.0114	0.0132	0.0216	0.023	0.0242	0.0268	0.0192	0.0192	0.0266	0.03	0.0294	0.0316	0.0444	0.0562	0.0624	0.0568	0.0566	0.0536	0.0454	0.0454	0.0478	0.0444	0.0392	0.0342	0.024	0.0212	0.0196	0.0046	0	0	0	0	0	0	0	0	0	0	0	0	0	0	0	0	0
Oculina_val_1128	SHELL	0.0018	0.0126	0.0124	0.0102	0.009	0.0118	0.012	0.0134	0.0112	0.0156	0.0184	0.0278	0.0242	0.032	0.0376	0.0436	0.0478	0.0492	0.0618	0.0608	0.0682	0.0512	0.0444	0.0426	0.0294	0.03	0.028	0.0246	0.0324	0.0228	0.0192	0.0168	0.0176	0.0198	0.0184	0.0134	0.0078	0	0	0	0	0	0	0	0	0	0	0	0	0	0
Oulastrea crispata 90691-1	SHELL	0.0004	0.0028	0.0048	0.0062	0.0076	0.0082	0.0122	0.0142	0.0138	0.0176	0.022	0.0272	0.0406	0.0442	0.0462	0.0418	0.0502	0.061	0.0608	0.0942	0.0536	0.0506	0.0516	0.025	0.0184	0.0202	0.0186	0.0168	0.0186	0.0202	0.0154	0.0162	0.0174	0.0178	0.0176	0.0176	0.0168	0.0114	0	0	0	0	0	0	0	0	0	0	0	0	0
Oulastrea crispata 90691-2	SHELL	0.0004	0.0022	0.0038	0.0072	0.0098	0.0152	0.0152	0.012	0.0148	0.0198	0.023	0.0192	0.0234	0.026	0.0256	0.0424	0.0378	0.0544	0.0628	0.0474	0.0634	0.0516	0.0488	0.0504	0.0588	0.0712	0.066	0.045	0.0326	0.0274	0.022	0	0	0	0	0	0	0	0	0	0	0	0	0	0	0	0	0	0	0	0
Oulastrea crispata 90691-3	SHELL	0.0004	0.0022	0.0036	0.0044	0.0072	0.008	0.0108	0.015	0.0144	0.0178	0.024	0.0166	0.0198	0.0312	0.0228	0.0234	0.0284	0.0404	0.0346	0.0418	0.0448	0.0542	0.1136	0.1964	0.177	0.047	0	0	0	0	0	0	0	0	0	0	0	0	0	0	0	0	0	0	0	0	0	0	0	0	0
Oulophyllia crispa 83123	SHELL	0	0.0026	0.0024	0.0022	0.0048	0.0048	0.0072	0.0082	0.0114	0.0108	0.0178	0.016	0.0216	0.0196	0.0212	0.0262	0.0262	0.0388	0.0422	0.054	0.087	0.145	0.1984	0.17	0.0608	0.0008	0	0	0	0	0	0	0	0	0	0	0	0	0	0	0	0	0	0	0	0	0	0	0	0	0
Oxypora lacera 83473	SHELL	0.0016	0.0044	0.0066	0.0094	0.0134	0.0214	0.0242	0.0248	0.029	0.0318	0.026	0.034	0.0276	0.0288	0.0368	0.0334	0.0378	0.039	0.0356	0.0336	0.0372	0.0432	0.0378	0.0388	0.0318	0.0366	0.0388	0.0352	0.029	0.0264	0.0268	0.0242	0.0206	0.0204	0.0176	0.016	0.012	0.007	0.001	0	0	0	0	0	0	0	0	0	0	0	0
Oxypora lacera 83474	SHELL	0.0004	0.0022	0.0042	0.0036	0.005	0.0046	0.0036	0.0046	0.006	0.0062	0.0076	0.0296	0.0428	0.0498	0.0596	0.0672	0.0764	0.0772	0.0762	0.0648	0.043	0.0388	0.033	0.0362	0.0322	0.0324	0.0276	0.032	0.0292	0.0192	0.0142	0.0146	0.013	0.0158	0.0106	0.009	0.0048	0.0026	0.0002	0	0	0	0	0	0	0	0	0	0	0	0
Pachyseris speciosa 90646-1	SHELL	0.0008	0.0016	0.0062	0.0052	0.01	0.0136	0.014	0.0208	0.0214	0.0264	0.0246	0.028	0.0308	0.037	0.0328	0.0374	0.036	0.0462	0.05	0.0496	0.0556	0.0448	0.045	0.045	0.0382	0.0436	0.0386	0.039	0.0334	0.034	0.0224	0.025	0.025	0.0136	0.0032	0.0012	0	0	0	0	0	0	0	0	0	0	0	0	0	0	0
Pachyseris speciosa 90646-2	SHELL	0.0002	0.0022	0.0014	0.0006	0.0088	0.0122	0.0116	0.014	0.017	0.02	0.026	0.021	0.0342	0.0408	0.0434	0.0558	0.0494	0.0546	0.0618	0.0474	0.0408	0.0534	0.046	0.0474	0.0546	0.0454	0.0404	0.0282	0.0206	0.0168	0.0118	0.014	0.0162	0.0126	0.01	0.008	0.0068	0.0042	0.0004	0	0	0	0	0	0	0	0	0	0	0	0
Pavona cactus 44330	SHELL	0.0004	0.0046	0.0094	0.0134	0.0184	0.017	0.019	0.019	0.0192	0.019	0.02	0.0236	0.025	0.0358	0.0296	0.0318	0.032	0.0362	0.0402	0.0428	0.0346	0.0386	0.035	0.0462	0.0606	0.0608	0.063	0.0602	0.0652	0.0516	0.0264	0.0014	0	0	0	0	0	0	0	0	0	0	0	0	0	0	0	0	0	0	0
Pavona cactus 90784	SHELL	0.0002	0.002	0.0054	0.01	0.0092	0.0174	0.016	0.0224	0.0236	0.0204	0.0208	0.0252	0.0272	0.0266	0.031	0.0332	0.037	0.0434	0.042	0.0538	0.0512	0.0492	0.0548	0.0522	0.0604	0.057	0.0544	0.0438	0.0306	0.0214	0.0144	0.012	0.0066	0.0054	0.0044	0.0044	0.0048	0.0048	0.001	0.0004	0	0	0	0	0	0	0	0	0	0	0
Pectinia alcicornis 47131	SHELL	0.0006	0.0016	0.0018	0.004	0.0056	0.005	0.0076	0.0068	0.0098	0.0156	0.0176	0.0226	0.0268	0.0356	0.0398	0.0506	0.0472	0.0566	0.0654	0.0652	0.0684	0.0742	0.0716	0.0672	0.0608	0.0464	0.0334	0.029	0.023	0.0116	0.0064	0.0036	0.0024	0.0016	0.002	0.0018	0.0016	0.003	0.002	0.0016	0.0008	0.0008	0.0008	0	0	0	0	0	0	0	0
Pectinia alcicornis 93812	SHELL	0.0004	0.0016	0.002	0.0024	0.0036	0.0102	0.0206	0.0304	0.0276	0.0304	0.0236	0.0316	0.0278	0.0374	0.04	0.047	0.0534	0.0462	0.0512	0.0496	0.0532	0.053	0.0462	0.0444	0.0378	0.0306	0.0286	0.0222	0.0192	0.0176	0.017	0.0128	0.0088	0.0064	0.0068	0.0044	0.0052	0.0052	0.0058	0.0078	0.0102	0.0056	0.0056	0.0024	0.0014	0.0022	0.0016	0.0004	0.0006	0	0
Pectinia lactuca 92383	SHELL	0.001	0.0042	0.0078	0.0086	0.0132	0.015	0.0252	0.0206	0.0192	0.021	0.0162	0.0212	0.0266	0.0288	0.0302	0.0436	0.0494	0.0494	0.0412	0.0418	0.0456	0.0396	0.043	0.0438	0.0418	0.0486	0.0512	0.051	0.039	0.0296	0.0324	0.0198	0.0098	0.0074	0.007	0.0048	0.0014	0	0	0	0	0	0	0	0	0	0	0	0	0	0
Pectinia paeonia 90812	SHELL	0.0032	0.0068	0.0062	0.004	0.0082	0.0096	0.0086	0.01	0.0188	0.0204	0.0186	0.0166	0.0224	0.0256	0.037	0.0414	0.0608	0.0656	0.0618	0.0548	0.047	0.0416	0.0456	0.0498	0.0562	0.0582	0.0476	0.041	0.0414	0.0352	0.022	0.011	0.003	0	0	0	0	0	0	0	0	0	0	0	0	0	0	0	0	0	0
Physogyra lichtensteini 93832	SHELL	0.0006	0.0026	0.0032	0.004	0.007	0.0078	0.0114	0.0116	0.0128	0.0152	0.0168	0.0216	0.0216	0.0192	0.023	0.0282	0.0332	0.035	0.029	0.0262	0.054	0.1458	0.1588	0.157	0.0998	0.039	0.0126	0.003	0	0	0	0	0	0	0	0	0	0	0	0	0	0	0	0	0	0	0	0	0	0	0
Platygyra daedalea 1146788	SHELL	0.001	0.0022	0.0032	0.0038	0.0068	0.0076	0.0104	0.0138	0.0128	0.0122	0.0144	0.0206	0.0276	0.028	0.0316	0.0334	0.042	0.0498	0.0616	0.0732	0.0574	0.0646	0.064	0.0706	0.0788	0.085	0.0722	0.0462	0.0052	0	0	0	0	0	0	0	0	0	0	0	0	0	0	0	0	0	0	0	0	0	0
Platygyra daedalea 90679-2	SHELL	0	0.0014	0.002	0.0054	0.006	0.0056	0.0084	0.007	0.0102	0.0088	0.0124	0.0108	0.0144	0.0118	0.0176	0.0166	0.0152	0.018	0.0228	0.085	0.2054	0.2354	0.1834	0.0704	0.0232	0.0028	0	0	0	0	0	0	0	0	0	0	0	0	0	0	0	0	0	0	0	0	0	0	0	0	0
Platygyra daedalea 90679	SHELL	0.0014	0.0022	0.0042	0.0058	0.007	0.0118	0.0116	0.0112	0.0178	0.0174	0.0262	0.0186	0.0222	0.0184	0.0218	0.0282	0.0322	0.0308	0.0444	0.0482	0.0728	0.1052	0.0996	0.0924	0.0808	0.0602	0.0582	0.033	0.012	0.0044	0	0	0	0	0	0	0	0	0	0	0	0	0	0	0	0	0	0	0	0	0
Platygyra lamellina 21975	SHELL	0.0008	0.0018	0.0024	0.0046	0.013	0.013	0.0106	0.013	0.0136	0.0192	0.0196	0.0424	0.0478	0.0486	0.0488	0.0534	0.04	0.0452	0.0378	0.0328	0.0354	0.035	0.0274	0.036	0.0376	0.047	0.0458	0.052	0.0542	0.051	0.0498	0.0194	0.001	0	0	0	0	0	0	0	0	0	0	0	0	0	0	0	0	0	0
Platygyra lamellina 93713	SHELL	0.0008	0.0028	0.0042	0.006	0.008	0.007	0.0118	0.0124	0.0142	0.0144	0.0236	0.0246	0.0224	0.0218	0.027	0.0352	0.044	0.0538	0.0608	0.0636	0.0788	0.0648	0.0582	0.0642	0.0548	0.0638	0.0448	0.0424	0.0306	0.0212	0.0122	0.0054	0.0002	0	0	0	0	0	0	0	0	0	0	0	0	0	0	0	0	0	0
Plesiastrea versipora 44996	SHELL	0.0006	0.0036	0.0054	0.0084	0.0108	0.022	0.018	0.0182	0.019	0.0214	0.0248	0.0254	0.0258	0.027	0.0308	0.032	0.0342	0.049	0.0358	0.0414	0.0404	0.0474	0.0458	0.0518	0.061	0.06	0.0572	0.054	0.051	0.0472	0.0304	0	0	0	0	0	0	0	0	0	0	0	0	0	0	0	0	0	0	0	0
Plesiastrea versipora 82795	SHELL	0.001	0.0008	0.0034	0.005	0.0082	0.0088	0.011	0.011	0.0156	0.0146	0.0196	0.0186	0.025	0.028	0.0252	0.03	0.0344	0.0396	0.0454	0.0418	0.0638	0.0776	0.0946	0.1178	0.1308	0.0722	0.0428	0.0134	0	0	0	0	0	0	0	0	0	0	0	0	0	0	0	0	0	0	0	0	0	0	0
Pocillopora verrucosa 45609	SHELL	0.0006	0.0014	0.003	0.0044	0.0076	0.0076	0.0096	0.0102	0.0128	0.0216	0.0328	0.046	0.0518	0.0434	0.0368	0.0402	0.04	0.0364	0.0428	0.0494	0.0488	0.059	0.0466	0.0456	0.0506	0.047	0.0332	0.0336	0.0302	0.0246	0.0128	0.0144	0.0142	0.0144	0.0116	0.0098	0.0046	0.0002	0	0	0	0	0	0	0	0	0	0	0	0	0
Porites astreoides 74655	SHELL	0.0008	0.0012	0.003	0.0034	0.0044	0.0064	0.0078	0.0092	0.0106	0.0096	0.0092	0.0152	0.0138	0.0162	0.0194	0.021	0.023	0.0392	0.0654	0.1092	0.1406	0.1542	0.1098	0.0804	0.0668	0.0388	0.015	0.0048	0.0012	0.0004	0	0	0	0	0	0	0	0	0	0	0	0	0	0	0	0	0	0	0	0	0
Porites astreoides 74658	SHELL	0.0004	0.0032	0.0026	0.003	0.0056	0.007	0.0106	0.01	0.014	0.0148	0.0186	0.0236	0.0358	0.0416	0.055	0.0642	0.0488	0.0646	0.0828	0.0766	0.065	0.052	0.0378	0.029	0.0242	0.0266	0.0246	0.0248	0.0158	0.0156	0.011	0.0148	0.0088	0.01	0.0086	0.009	0.0076	0.0068	0.0056	0.0056	0.005	0.0066	0.002	0.0004	0	0	0	0	0	0	0
Porites lutea 1175404-2	SHELL	0.0016	0.0032	0.0036	0.007	0.007	0.0108	0.0124	0.013	0.0166	0.0158	0.0184	0.0182	0.02	0.0288	0.0272	0.0296	0.0348	0.0386	0.0414	0.0446	0.0476	0.081	0.139	0.0888	0.081	0.0682	0.0436	0.0328	0.0222	0.0028	0	0	0	0	0	0	0	0	0	0	0	0	0	0	0	0	0	0	0	0	0
Porites lutea 99437	SHELL	0.0002	0.0034	0.005	0.0038	0.0078	0.012	0.0108	0.0086	0.0078	0.0132	0.0162	0.0142	0.0174	0.0176	0.016	0.0174	0.0228	0.0298	0.045	0.0844	0.1558	0.1388	0.111	0.0804	0.06	0.051	0.025	0.017	0.0076	0	0	0	0	0	0	0	0	0	0	0	0	0	0	0	0	0	0	0	0	0	0
Porites_astreoides_2	SHELL	0.0002	0.0036	0.003	0.0054	0.0076	0.0068	0.0122	0.0136	0.0172	0.015	0.0206	0.0188	0.0234	0.0288	0.035	0.0332	0.0432	0.0448	0.0582	0.0574	0.0842	0.0952	0.0744	0.0514	0.0398	0.0332	0.0378	0.0356	0.0404	0.0364	0.0194	0.0042	0	0	0	0	0	0	0	0	0	0	0	0	0	0	0	0	0	0	0
Porites_astreoides_SUI_102795	SHELL	0.0006	0.0018	0.0026	0.0074	0.0066	0.0086	0.0104	0.01	0.0114	0.0138	0.0166	0.0182	0.0206	0.0232	0.0232	0.0278	0.0414	0.0562	0.0598	0.0682	0.0858	0.0902	0.1166	0.089	0.0504	0.0316	0.0342	0.0276	0.0164	0.008	0.0068	0.0098	0.0046	0.0004	0	0	0	0	0	0	0	0	0	0	0	0	0	0	0	0	0
Porites_divaricata	SHELL	0.0016	0.011	0.0148	0.0162	0.0134	0.0186	0.016	0.013	0.0164	0.0208	0.024	0.0304	0.0342	0.0308	0.0204	0.0162	0.0192	0.025	0.0358	0.0394	0.0394	0.0494	0.049	0.0518	0.0606	0.0692	0.0766	0.0798	0.0462	0.0298	0.0136	0.0136	0.0036	0	0	0	0	0	0	0	0	0	0	0	0	0	0	0	0	0	0
Porites_porites_1	SHELL	0.002	0.0082	0.0124	0.0142	0.0184	0.02	0.022	0.0152	0.0106	0.0114	0.0124	0.0168	0.023	0.0304	0.033	0.0474	0.0396	0.0368	0.0358	0.0394	0.0396	0.0472	0.0478	0.0466	0.0562	0.0536	0.0614	0.0594	0.0568	0.0384	0.0294	0.0136	0	0	0	0	0	0	0	0	0	0	0	0	0	0	0	0	0	0	0
Porites_porites_2	SHELL	0.0004	0.0022	0.0032	0.0062	0.0072	0.0108	0.0142	0.0166	0.0204	0.016	0.0262	0.0194	0.0252	0.0244	0.022	0.0294	0.0364	0.036	0.0516	0.0698	0.0648	0.0658	0.0658	0.0738	0.0584	0.0674	0.0638	0.0514	0.0348	0.015	0.0012	0	0	0	0	0	0	0	0	0	0	0	0	0	0	0	0	0	0	0	0
Psammocora contigua 80272	SHELL	0.0004	0.0012	0.0052	0.0048	0.0104	0.014	0.0158	0.0188	0.014	0.0148	0.0192	0.0184	0.0274	0.0292	0.0352	0.0302	0.0412	0.05	0.0484	0.0558	0.0642	0.0678	0.0736	0.0602	0.0514	0.048	0.0402	0.0396	0.034	0.0282	0.0192	0.01	0.0082	0.0008	0	0	0	0	0	0	0	0	0	0	0	0	0	0	0	0	0
Scapophyllia cylindrica 83309	SHELL	0.0012	0.0036	0.0052	0.0062	0.0094	0.0134	0.0152	0.0224	0.0248	0.0244	0.0276	0.0298	0.0294	0.0348	0.0306	0.0326	0.029	0.0348	0.0386	0.0394	0.0394	0.035	0.0456	0.0546	0.068	0.0558	0.0696	0.0766	0.0414	0.0306	0.0152	0.0132	0.0024	0	0	0	0	0	0	0	0	0	0	0	0	0	0	0	0	0	0
Scapophyllia cylindrica 89934	SHELL	0.0006	0.0032	0.0062	0.005	0.0074	0.0112	0.0206	0.0238	0.0346	0.0312	0.0276	0.027	0.0304	0.0308	0.0356	0.0308	0.0346	0.032	0.0366	0.0468	0.0398	0.0474	0.0454	0.0508	0.0418	0.0434	0.0332	0.0376	0.0476	0.0344	0.0446	0.0424	0.0152	0.0002	0	0	0	0	0	0	0	0	0	0	0	0	0	0	0	0	0
Scolymia sp 83335-1	SHELL	0.0006	0.0016	0.0034	0.0038	0.0028	0.008	0.0072	0.0088	0.0088	0.012	0.0182	0.0308	0.0304	0.039	0.0296	0.0342	0.0418	0.044	0.0676	0.0552	0.0662	0.0806	0.0774	0.0798	0.0668	0.0566	0.0476	0.0394	0.0262	0.0064	0.0022	0.0016	0.0012	0	0	0	0	0	0	0	0	0	0	0	0	0	0	0	0	0	0
Scolymia sp 83335-2	SHELL	0.0008	0.0016	0.0024	0.0038	0.0048	0.0068	0.011	0.0138	0.0158	0.0108	0.0162	0.0226	0.0284	0.0278	0.0358	0.0456	0.0506	0.0528	0.0492	0.0516	0.0608	0.0572	0.078	0.07	0.0754	0.071	0.0628	0.0384	0.0188	0.0066	0.0048	0.0036	0	0	0	0	0	0	0	0	0	0	0	0	0	0	0	0	0	0	0
Scolymia sp 83335-3	SHELL	0.0004	0.0022	0.0034	0.004	0.009	0.0144	0.0108	0.018	0.0178	0.022	0.0196	0.0254	0.0236	0.0282	0.0246	0.0262	0.0296	0.0298	0.039	0.0598	0.0722	0.0792	0.092	0.0778	0.0654	0.0472	0.051	0.048	0.0408	0.0164	0.0016	0	0	0	0	0	0	0	0	0	0	0	0	0	0	0	0	0	0	0	0
Scolymia vitiensis 83331	SHELL	0.0002	0.0024	0.005	0.0046	0.0058	0.0072	0.0106	0.0112	0.0098	0.009	0.014	0.0142	0.0196	0.0212	0.0318	0.0382	0.0578	0.0526	0.054	0.0492	0.0712	0.0824	0.09	0.1036	0.0918	0.0754	0.0504	0.0152	0.0012	0	0	0	0	0	0	0	0	0	0	0	0	0	0	0	0	0	0	0	0	0	0
Scolymia vitiensis 93788	SHELL	0.001	0.003	0.0066	0.0094	0.0068	0.0096	0.0098	0.0126	0.0158	0.0206	0.0224	0.02	0.0236	0.0252	0.0284	0.0426	0.0356	0.0514	0.0552	0.0428	0.0532	0.0574	0.0476	0.0554	0.072	0.0934	0.1024	0.0614	0.0148	0	0	0	0	0	0	0	0	0	0	0	0	0	0	0	0	0	0	0	0	0	0
Scolymia_cubensis_YPM_7569	SHELL	0.001	0.004	0.0062	0.0058	0.011	0.0126	0.0142	0.015	0.0144	0.0184	0.0152	0.0258	0.0258	0.0214	0.031	0.0326	0.0338	0.0316	0.0452	0.0418	0.039	0.044	0.0528	0.0858	0.1506	0.1506	0.0664	0.004	0	0	0	0	0	0	0	0	0	0	0	0	0	0	0	0	0	0	0	0	0	0	0
Seriatopora hystrix 79201	SHELL	0.0014	0.0038	0.008	0.0118	0.0212	0.0196	0.0202	0.0174	0.0252	0.026	0.0276	0.0452	0.0406	0.045	0.032	0.0342	0.0388	0.0368	0.0342	0.0344	0.029	0.0262	0.0348	0.0362	0.034	0.032	0.029	0.0286	0.0368	0.0348	0.0322	0.0268	0.0218	0.0114	0.0138	0.0126	0.0144	0.0076	0.004	0.0038	0.0032	0.0028	0.0006	0	0	0	0	0	0	0.0002	0
Seriatopora hystrix 93376	SHELL	0.0002	0.0018	0.0038	0.0054	0.0144	0.0178	0.013	0.0152	0.0194	0.0192	0.0222	0.0226	0.031	0.0348	0.0386	0.0374	0.0342	0.036	0.0426	0.0452	0.0572	0.0574	0.061	0.0566	0.05	0.0508	0.0396	0.0482	0.0424	0.0362	0.0232	0.0128	0.007	0.0026	0.0002	0	0	0	0	0	0	0	0	0	0	0	0	0	0	0	0
Siderastrea radians 1143820	SHELL	0.0008	0.0008	0.002	0.0046	0.005	0.0082	0.007	0.0106	0.0116	0.009	0.017	0.0158	0.0172	0.0214	0.0226	0.05	0.0498	0.0588	0.0562	0.0714	0.073	0.074	0.0896	0.0894	0.0914	0.0792	0.0492	0.0144	0	0	0	0	0	0	0	0	0	0	0	0	0	0	0	0	0	0	0	0	0	0	0
Siderastrea radians 1143827-1	SHELL	0	0.0008	0.003	0.0028	0.0054	0.0106	0.008	0.013	0.0128	0.0156	0.0182	0.014	0.019	0.0192	0.0256	0.0224	0.0292	0.0268	0.027	0.0424	0.0636	0.1074	0.2696	0.1932	0.0482	0.0022	0	0	0	0	0	0	0	0	0	0	0	0	0	0	0	0	0	0	0	0	0	0	0	0	0
Siderastrea radians 1143827-2	SHELL	0.0004	0.001	0.0036	0.006	0.0076	0.0064	0.0092	0.0104	0.0124	0.0234	0.019	0.0222	0.0236	0.025	0.024	0.0232	0.0242	0.0306	0.0498	0.0468	0.0508	0.0638	0.1068	0.1866	0.204	0.019	0	0	0	0	0	0	0	0	0	0	0	0	0	0	0	0	0	0	0	0	0	0	0	0	0
Siderastrea savignyana 1154339	SHELL	0.0016	0.0026	0.007	0.0112	0.01	0.009	0.012	0.0154	0.0176	0.0156	0.0216	0.0208	0.026	0.0266	0.0298	0.0296	0.0336	0.0418	0.0432	0.05	0.0516	0.0588	0.0706	0.0676	0.0678	0.0868	0.0872	0.042	0.0404	0.0022	0	0	0	0	0	0	0	0	0	0	0	0	0	0	0	0	0	0	0	0	0
Siderastrea savignyana 82563	SHELL	0.0004	0.0014	0.003	0.0048	0.005	0.0086	0.0088	0.0122	0.011	0.0144	0.02	0.0324	0.0362	0.0404	0.0406	0.0418	0.0466	0.0538	0.0462	0.0464	0.0528	0.0522	0.0534	0.0634	0.0664	0.0544	0.0492	0.0462	0.0412	0.0346	0.0108	0.0012	0	0	0	0	0	0	0	0	0	0	0	0	0	0	0	0	0	0	0
Siderastrea siderea 1143794	SHELL	0.0018	0.0012	0.0052	0.0076	0.0092	0.0068	0.011	0.0144	0.0166	0.0186	0.0208	0.0232	0.0234	0.0246	0.0278	0.0278	0.029	0.0338	0.0358	0.045	0.054	0.0584	0.0756	0.1418	0.1416	0.0868	0.0406	0.016	0.0016	0	0	0	0	0	0	0	0	0	0	0	0	0	0	0	0	0	0	0	0	0	0
Siderastrea siderea 47606	SHELL	0.0004	0.0022	0.0062	0.0086	0.011	0.0102	0.0186	0.0216	0.025	0.0318	0.0392	0.0362	0.0368	0.0326	0.0332	0.0466	0.0316	0.0374	0.0412	0.0442	0.0378	0.0362	0.0302	0.0378	0.0364	0.0336	0.0386	0.0352	0.0322	0.029	0.0292	0.0292	0.028	0.0224	0.0182	0.0106	0	0	0	0	0	0	0	0	0	0	0	0	0	0	0
Siderastrea sp 10935	SHELL	0.001	0.0012	0.0044	0.0052	0.0068	0.0102	0.0132	0.01	0.016	0.0188	0.0208	0.024	0.0244	0.0314	0.0354	0.0522	0.0468	0.0492	0.047	0.0396	0.042	0.0776	0.0476	0.0494	0.0488	0.0626	0.0984	0.0744	0.0416	0	0	0	0	0	0	0	0	0	0	0	0	0	0	0	0	0	0	0	0	0	0
Siderastrea sp 47604	SHELL	0.0008	0.002	0.0052	0.0062	0.0088	0.0068	0.0086	0.01	0.009	0.0106	0.0118	0.016	0.0158	0.0184	0.0206	0.0316	0.0422	0.0422	0.053	0.0594	0.0712	0.0932	0.143	0.1324	0.1452	0.0358	0	0	0	0	0	0	0	0	0	0	0	0	0	0	0	0	0	0	0	0	0	0	0	0	0
Siderastrea_1	SHELL	0	0	0.001	0.0042	0.0076	0.008	0.0092	0.0128	0.0162	0.0226	0.0242	0.0226	0.031	0.0288	0.0242	0.034	0.0332	0.0474	0.0482	0.0548	0.0516	0.0678	0.0782	0.0758	0.0848	0.0808	0.0894	0.0416	0	0	0	0	0	0	0	0	0	0	0	0	0	0	0	0	0	0	0	0	0	0	0
Siderastrea_siderea_1	SHELL	0.0008	0.0026	0.0042	0.0058	0.007	0.0094	0.009	0.0132	0.0164	0.0196	0.0172	0.0212	0.023	0.0312	0.0408	0.0346	0.0466	0.037	0.0446	0.0546	0.0534	0.068	0.0598	0.064	0.0654	0.0996	0.0828	0.0476	0.0158	0.0042	0.0004	0	0	0	0	0	0	0	0	0	0	0	0	0	0	0	0	0	0	0	0
Siderastrea_siderea_2	SHELL	0.0002	0.0016	0.0054	0.0086	0.0096	0.0114	0.0116	0.0178	0.0194	0.0218	0.0186	0.0222	0.026	0.0294	0.0304	0.0322	0.0376	0.049	0.045	0.0464	0.048	0.0544	0.052	0.058	0.066	0.0652	0.1016	0.0592	0.0424	0.0084	0	0	0	0	0	0	0	0	0	0	0	0	0	0	0	0	0	0	0	0	0
Siderastrea_siderea_3	SHELL	0.0016	0.0018	0.0044	0.0034	0.0114	0.0108	0.0188	0.0166	0.0178	0.0228	0.025	0.0226	0.0214	0.0248	0.0268	0.0272	0.0298	0.0394	0.0494	0.0404	0.0376	0.0398	0.0618	0.1028	0.1058	0.0934	0.09	0.052	0.0006	0	0	0	0	0	0	0	0	0	0	0	0	0	0	0	0	0	0	0	0	0	0
Siderastrea_siderea_4	SHELL	0.0008	0.0032	0.0044	0.0044	0.0092	0.014	0.0148	0.015	0.0192	0.0236	0.0242	0.0238	0.0366	0.0356	0.0354	0.0366	0.033	0.0352	0.0384	0.039	0.0412	0.0512	0.0524	0.0588	0.0644	0.0494	0.0652	0.0806	0.0674	0.023	0	0	0	0	0	0	0	0	0	0	0	0	0	0	0	0	0	0	0	0	0
Solenastrea bournoni 1139380	SHELL	0.002	0.0038	0.005	0.0088	0.0108	0.0126	0.0202	0.0432	0.064	0.0398	0.033	0.0298	0.0288	0.0274	0.0276	0.0296	0.0302	0.0306	0.0324	0.031	0.0246	0.0272	0.0302	0.032	0.0286	0.0242	0.0276	0.0332	0.0362	0.0394	0.0518	0.0322	0.0256	0.0252	0.0252	0.0188	0.0072	0	0	0	0	0	0	0	0	0	0	0	0	0	0
Solenastrea bournoni 86692	SHELL	0.0008	0.0028	0.0036	0.0078	0.0102	0.0094	0.015	0.0162	0.0182	0.0158	0.0234	0.0194	0.0256	0.0338	0.0366	0.0374	0.0366	0.0406	0.0442	0.0418	0.0502	0.0704	0.0582	0.0694	0.0682	0.0796	0.0404	0.0444	0.0262	0.0288	0.0144	0.0086	0.002	0	0	0	0	0	0	0	0	0	0	0	0	0	0	0	0	0	0
Stephanocoenia michelini 1154436	SHELL	0.001	0.0024	0.0036	0.005	0.008	0.0084	0.0102	0.0118	0.0136	0.0156	0.0142	0.0226	0.025	0.0164	0.0196	0.0208	0.0272	0.0392	0.0688	0.0774	0.072	0.081	0.0918	0.0988	0.1124	0.083	0.0436	0.0066	0	0	0	0	0	0	0	0	0	0	0	0	0	0	0	0	0	0	0	0	0	0	0
Stephanocoenia michelini 72791-1	SHELL	0.001	0.0042	0.0058	0.0088	0.0118	0.0146	0.0152	0.0256	0.022	0.0232	0.023	0.0258	0.02	0.0272	0.0344	0.0336	0.0312	0.0342	0.0386	0.0412	0.0458	0.0414	0.0464	0.0578	0.0776	0.0552	0.0554	0.0588	0.0568	0.0544	0.0088	0	0	0	0	0	0	0	0	0	0	0	0	0	0	0	0	0	0	0	0
Stephanocoenia michelini 72791-2	SHELL	0.0002	0.0022	0.0026	0.0028	0.0042	0.0044	0.0054	0.0086	0.01	0.0122	0.0178	0.0142	0.0192	0.0142	0.025	0.022	0.0598	0.0678	0.0646	0.0762	0.0764	0.086	0.1072	0.1146	0.097	0.0578	0.0264	0.0012	0	0	0	0	0	0	0	0	0	0	0	0	0	0	0	0	0	0	0	0	0	0	0
Stylocoeniella guentheri 100223	SHELL	0.0008	0.0016	0.003	0.0046	0.0044	0.008	0.0058	0.0076	0.0112	0.012	0.0152	0.0186	0.0234	0.0312	0.0364	0.0412	0.057	0.0596	0.0634	0.0664	0.0668	0.0744	0.0658	0.0772	0.0698	0.0502	0.0448	0.0358	0.0188	0.0156	0.0074	0.0016	0	0	0	0	0	0	0	0	0	0	0	0	0	0	0	0	0	0	0
Stylocoeniella guentheri 79560	SHELL	0	0.0014	0.0026	0.004	0.005	0.0076	0.0104	0.0086	0.0094	0.0124	0.0204	0.027	0.0272	0.0336	0.048	0.0536	0.068	0.0634	0.0636	0.065	0.0616	0.056	0.0508	0.0438	0.0394	0.0356	0.0298	0.0342	0.0298	0.0236	0.0204	0.0138	0.0092	0.0068	0.0054	0.0038	0.0022	0.0024	0.0002	0	0	0	0	0	0	0	0	0	0	0	0
Stylocoeniella guentheri 80253	SHELL	0.0006	0.0026	0.004	0.0064	0.01	0.0164	0.013	0.0196	0.0186	0.025	0.025	0.0262	0.0268	0.0314	0.033	0.0364	0.0394	0.041	0.0386	0.0456	0.0472	0.037	0.044	0.0494	0.074	0.0672	0.0772	0.0608	0.0274	0.0222	0.014	0.0066	0.0068	0.0066	0	0	0	0	0	0	0	0	0	0	0	0	0	0	0	0	0
Stylophora pistillata 79250	SHELL	0.0008	0.0028	0.0034	0.0048	0.0072	0.0102	0.0106	0.0154	0.0148	0.0138	0.018	0.0198	0.0244	0.0274	0.0228	0.0274	0.0332	0.041	0.0504	0.0516	0.069	0.0756	0.094	0.1098	0.089	0.0784	0.0502	0.0238	0.009	0.0014	0	0	0	0	0	0	0	0	0	0	0	0	0	0	0	0	0	0	0	0	0
Stylophora pistillata 90842-1	SHELL	0.0008	0.001	0.0022	0.004	0.008	0.0104	0.0128	0.014	0.0138	0.0178	0.0188	0.0252	0.0324	0.0354	0.0494	0.0532	0.0652	0.055	0.0504	0.0544	0.0432	0.0438	0.0534	0.041	0.0466	0.0376	0.036	0.0342	0.0298	0.028	0.0292	0.0198	0.0164	0.012	0.0044	0.0004	0	0	0	0	0	0	0	0	0	0	0	0	0	0	0
Stylophora pistillata 90842-2	SHELL	0.0014	0.0028	0.007	0.0092	0.0112	0.0166	0.024	0.0316	0.0264	0.03	0.0284	0.0336	0.0286	0.036	0.0268	0.0374	0.0414	0.035	0.046	0.047	0.0458	0.0404	0.0344	0.0268	0.0256	0.024	0.0278	0.0318	0.029	0.0324	0.0392	0.0256	0.0286	0.0258	0.0196	0.0102	0.0044	0.002	0.0032	0.0028	0	0	0	0	0	0	0	0	0	0	0
Symphyllia agaricia 1134475	SHELL	0.0002	0.0016	0.0022	0.0038	0.0044	0.0044	0.006	0.0068	0.011	0.0118	0.0126	0.013	0.0128	0.0162	0.0184	0.0226	0.0364	0.0526	0.0702	0.109	0.1378	0.1252	0.098	0.08	0.0604	0.0504	0.0198	0.0118	0.0002	0	0	0	0	0	0	0	0	0	0	0	0	0	0	0	0	0	0	0	0	0	0
Symphyllia agaricia 90582	SHELL	0.0012	0.002	0.002	0.0036	0.0064	0.0074	0.0066	0.0092	0.0116	0.0086	0.0144	0.0126	0.0132	0.0154	0.0242	0.0326	0.0452	0.0552	0.0656	0.0716	0.1004	0.1224	0.101	0.0976	0.0672	0.0628	0.029	0.009	0.002	0	0	0	0	0	0	0	0	0	0	0	0	0	0	0	0	0	0	0	0	0	0
Symphyllia radians 1114429	SHELL	0.001	0.0014	0.0024	0.0042	0.0046	0.0044	0.0056	0.0092	0.0096	0.007	0.0094	0.0082	0.0112	0.0092	0.0142	0.0188	0.042	0.0642	0.0862	0.1064	0.1238	0.1264	0.1282	0.1008	0.062	0.029	0.0104	0.0002	0	0	0	0	0	0	0	0	0	0	0	0	0	0	0	0	0	0	0	0	0	0	0
Symphyllia radians 90797	SHELL	0.0016	0.0018	0.0036	0.004	0.0076	0.0074	0.0108	0.0102	0.0098	0.0172	0.0172	0.0154	0.0182	0.0214	0.0216	0.0298	0.0312	0.0348	0.0414	0.0684	0.0914	0.1076	0.1154	0.1186	0.1016	0.0632	0.0212	0.0074	0	0	0	0	0	0	0	0	0	0	0	0	0	0	0	0	0	0	0	0	0	0	0
Symphyllia recta 91132-1	SHELL	0.0006	0.0028	0.004	0.004	0.0074	0.0112	0.012	0.0142	0.0178	0.0194	0.0206	0.0218	0.0226	0.028	0.0274	0.0338	0.0472	0.047	0.0534	0.0506	0.0508	0.0522	0.0522	0.0696	0.0854	0.0928	0.077	0.0492	0.0242	0.0008	0	0	0	0	0	0	0	0	0	0	0	0	0	0	0	0	0	0	0	0	0
Symphyllia recta 91132-2	SHELL	0.0006	0.0018	0.0034	0.0058	0.0036	0.01	0.009	0.0126	0.0104	0.011	0.014	0.0148	0.0156	0.017	0.019	0.0216	0.0294	0.0388	0.055	0.0732	0.1146	0.127	0.128	0.118	0.077	0.0468	0.0208	0.001	0	0	0	0	0	0	0	0	0	0	0	0	0	0	0	0	0	0	0	0	0	0	0
Trachyphyllia geoffroyi 1155044	SHELL	0.001	0.0028	0.0036	0.0036	0.0048	0.005	0.009	0.0082	0.0098	0.0088	0.012	0.01	0.0144	0.0192	0.0244	0.0272	0.0382	0.0542	0.0778	0.0816	0.0814	0.0942	0.1098	0.1446	0.1186	0.0352	0.0006	0	0	0	0	0	0	0	0	0	0	0	0	0	0	0	0	0	0	0	0	0	0	0	0
Trachyphyllia geoffroyi 90314	SHELL	0.0008	0.0038	0.0036	0.0056	0.0092	0.0108	0.0126	0.015	0.0122	0.0142	0.016	0.0224	0.0208	0.0214	0.0284	0.0326	0.034	0.036	0.0478	0.061	0.0628	0.0596	0.0658	0.0934	0.1228	0.134	0.0492	0.0042	0	0	0	0	0	0	0	0	0	0	0	0	0	0	0	0	0	0	0	0	0	0	0
Turbinaria peltata 83733	SHELL	0.0022	0.0034	0.0072	0.009	0.0124	0.0126	0.0232	0.0472	0.0372	0.0316	0.013	0.0128	0.0096	0.0124	0.0124	0.0172	0.0318	0.0332	0.0374	0.0436	0.0464	0.0516	0.0658	0.0588	0.0604	0.0608	0.0592	0.0742	0.0688	0.0396	0.005	0	0	0	0	0	0	0	0	0	0	0	0	0	0	0	0	0	0	0	0
Turbinaria peltata noid 2	SHELL	0.0006	0.0008	0.0022	0.0038	0.0048	0.0056	0.008	0.0054	0.0094	0.0208	0.0236	0.0288	0.0288	0.0354	0.0376	0.045	0.048	0.0552	0.0618	0.0548	0.0522	0.064	0.0672	0.0642	0.0564	0.053	0.0454	0.0478	0.0374	0.0258	0.0062	0	0	0	0	0	0	0	0	0	0	0	0	0	0	0	0	0	0	0	0
Turbinaria peltata noid	SHELL	0.0004	0.0024	0.0062	0.0048	0.005	0.0076	0.0154	0.024	0.0264	0.0248	0.0232	0.0236	0.0226	0.036	0.0352	0.0326	0.0396	0.0358	0.0398	0.0376	0.0488	0.0526	0.0594	0.0544	0.06	0.0706	0.0568	0.0624	0.0444	0.0334	0.0138	0	0	0	0	0	0	0	0	0.0004	0	0	0	0	0	0	0	0	0	0	0
